1, 620,-6.75844,7.60714,7.28349,6.54267,0.0309096,0.00746095,-11276,12692,12152,10916,-232,-56
2, 621,-6.57624,7.739,7.48008,6.38204,0.0402358,0.017853,-10972,12912,12480,10648,-302,-134
3, 621,-6.7944,7.63112,7.23074,6.42999,0.0527596,0.0283783,-11336,12732,12064,10728,-396,-213
4, 622,-6.73687,7.52083,7.2667,6.57144,0.0614196,0.0346401,-11240,12548,12124,10964,-461,-260
5, 624,-6.82557,7.52803,7.29547,6.65056,0.0576891,0.0294441,-11388,12560,12172,11096,-433,-221
6, 622,-7.04614,7.47289,7.178,6.63857,0.0498285,0.0185191,-11756,12468,11976,11076,-374,-139
7, 625,-6.82557,7.44172,7.20917,6.6098,0.0414349,0.0167871,-11388,12416,12028,11028,-311,-126
8, 623,-6.97901,7.42973,7.0845,6.68652,0.0369051,0.0101256,-11644,12396,11820,11156,-277,-76
9, 624,-6.75365,7.46809,7.22115,6.57863,0.0329081,0.00253139,-11268,12460,12048,10976,-247,-19
10, 624,-6.93585,7.47049,7.21636,6.65535,0.021317,-0.00146554,-11572,12464,12040,11104,-160,11
11, 623,-6.88311,7.48487,7.16841,6.62658,0.0185191,-0.00866003,-11484,12488,11960,11056,-139,65
12, 623,-6.91667,7.50405,7.20437,6.60021,0.0117243,-0.014389,-11540,12520,12020,11012,-88,108
13, 624,-6.8951,7.47768,7.2715,6.69131,0.00985911,-0.0191853,-11504,12476,12132,11164,-74,144
14, 623,-6.84475,7.4561,7.1756,6.58103,0.00399694,-0.0217167,-11420,12440,11972,10980,-30,163
15, 623,-6.85434,7.4609,7.15163,6.65295,-0.00199847,-0.0286447,-11436,12448,11932,11100,15,215
16, 624,-6.83516,7.50166,7.14923,6.67933,-0.00239816,-0.0297106,-11404,12516,11928,11144,18,223
17, 622,-6.90469,7.53042,7.2715,6.57624,-0.00892649,-0.0321087,-11520,12564,12132,10972,67,241
18, 621,-6.78721,7.51364,7.28349,6.54986,-0.00519602,-0.0333078,-11324,12536,12152,10928,39,250
19, 621,-6.78002,7.61194,7.34822,6.50431,-0.00466309,-0.0345069,-11312,12700,12260,10852,35,259
20, 624,-6.77283,7.52803,7.25232,6.58822,-0.00199847,-0.0262466,-11300,12560,12100,10992,15,197
21, 623,-6.83756,7.63112,7.24033,6.6098,-0.000532925,-0.0251807,-11408,12732,12080,11028,4,189
22, 622,-6.84715,7.552,7.22355,6.58583,-0.000932619,-0.0281118,-11424,12600,12052,10988,7,211
23, 623,-6.82557,7.48248,7.24992,6.54986,-0.00586217,-0.03051,-11388,12484,12096,10928,44,229
24, 620,-6.82557,7.50885,7.18999,6.61699,-0.00439663,-0.0321087,-11388,12528,11996,11040,33,241
25, 621,-6.81358,7.48727,7.30267,6.53308,-0.0042634,-0.0330413,-11368,12492,12184,10900,32,248
26, 620,-6.86153,7.51844,7.24992,6.63138,-0.00812711,-0.0350398,-11448,12544,12096,11064,61,263
27, 620,-6.8951,7.48248,7.11566,6.62898,-0.0162542,-0.0458315,-11504,12484,11872,11060,122,344
28, 621,-6.87592,7.4633,7.19478,6.67453,-0.0234487,-0.051294,-11472,12452,12004,11136,176,385
29, 620,-6.83756,7.60235,7.27629,6.55706,-0.026513,-0.0523599,-11408,12684,12140,10940,199,393
30, 618,-6.78242,7.56878,7.32424,6.61699,-0.0269127,-0.054758,-11316,12628,12220,11040,202,411
31, 617,-6.82078,7.6479,7.31465,6.53068,-0.0263798,-0.049562,-11380,12760,12204,10896,198,372
32, 618,-6.7009,7.6479,7.41774,6.46116,-0.0162542,-0.0434334,-11180,12760,12376,10780,122,326
33, 620,-6.60261,7.6503,7.35062,6.48513,-0.00532925,-0.0267795,-11016,12764,12264,10820,40,201
34, 618,-6.64576,7.61913,7.33383,6.50911,0.00279786,-0.0233155,-11088,12712,12236,10860,-21,175
35, 619,-6.54507,7.71743,7.54721,6.42999,0.0134564,-0.0110582,-10920,12876,12592,10728,-101,83
36, 619,-6.65056,7.56639,7.33623,6.41321,0.0241149,-0.00226493,-11096,12624,12240,10700,-181,17
37, 618,-6.7081,7.71263,7.42494,6.46595,0.0355727,0.0119908,-11192,12868,12388,10788,-267,-90
38, 615,-6.78481,7.552,7.28588,6.50191,0.03917,0.0130567,-11320,12600,12156,10848,-294,-98
39, 619,-6.63138,7.68146,7.4609,6.45157,0.0494288,0.0287779,-11064,12816,12448,10764,-371,-216
40, 617,-6.74406,7.55919,7.34103,6.53788,0.0531593,0.0286447,-11252,12612,12248,10908,-399,-215
41, 620,-6.63857,7.67667,7.33863,6.6098,0.0607534,0.033441,-11076,12808,12244,11028,-456,-251
42, 621,-6.73926,7.53522,7.27629,6.5139,0.0611531,0.0365054,-11244,12572,12140,10868,-459,-274
43, 620,-6.77283,7.60954,7.23793,6.63377,0.0634181,0.0361057,-11300,12696,12076,11068,-476,-271
44, 621,-6.72488,7.56159,7.18279,6.60021,0.0608867,0.0327749,-11220,12616,11984,11012,-457,-246
45, 622,-6.95024,7.50166,7.18999,6.62658,0.057023,0.0321087,-11596,12516,11996,11056,-428,-241
46, 625,-6.84955,7.52323,7.14683,6.64576,0.0550245,0.028245,-11428,12552,11924,11088,-413,-212
47, 623,-6.88071,7.47768,7.11566,6.66734,0.0483629,0.0202511,-11480,12476,11872,11124,-363,-152
48, 622,-6.94305,7.38658,7.16122,6.60261,0.0346401,0.00945942,-11584,12324,11948,11016,-260,-71
49, 624,-6.83756,7.49446,7.11566,6.72488,0.0293109,0.00306432,-11408,12504,11872,11220,-220,-23
50, 623,-6.95743,7.4609,7.178,6.65056,0.0290444,0.000266462,-11608,12448,11976,11096,-218,-2
51, 622,-6.84715,7.48967,7.29308,6.57624,0.0183859,-0.00985911,-11424,12496,12168,10972,-138,74
52, 623,-6.84955,7.5544,7.31465,6.54267,0.0139893,-0.0102588,-11428,12604,12204,10916,-105,77
53, 623,-6.90708,7.48008,7.24752,6.63857,0.0125237,-0.0134564,-11524,12480,12092,11076,-94,101
54, 623,-6.80879,7.57358,7.19238,6.68892,0.0113247,-0.0114579,-11360,12636,12000,11160,-85,86
55, 622,-6.78961,7.5496,7.1732,6.58103,0.013856,-0.0133231,-11328,12596,11968,10980,-104,100
56, 623,-6.65775,7.69825,7.30746,6.63377,0.0171868,-0.0118576,-11108,12844,12192,11068,-129,89
57, 622,-6.7968,7.59755,7.27629,6.49952,0.0243813,-0.00199847,-11340,12676,12140,10844,-183,15
58, 624,-6.87112,7.62632,7.35301,6.56904,0.0314426,0.00386371,-11464,12724,12268,10960,-236,-29
59, 626,-6.88071,7.57598,7.28588,6.52109,0.0298438,0.0021317,-11480,12640,12156,10880,-224,-16
60, 624,-6.84475,7.53282,7.23793,6.6098,0.0271792,-0.000932619,-11420,12568,12076,11028,-204,7
61, 624,-6.85674,7.59276,7.25951,6.65775,0.023049,-0.00159877,-11440,12668,12112,11108,-173,12
62, 624,-6.72967,7.56159,7.14923,6.72008,0.0215835,-0.00772741,-11228,12616,11928,11212,-162,58
63, 624,-6.86153,7.66708,7.49446,6.44198,0.019585,-0.00479632,-11448,12792,12504,10748,-147,36
64, 624,-6.90469,7.34582,7.13484,6.6098,0.0186524,-0.00866003,-11520,12256,11904,11028,-140,65
65, 625,-6.7992,7.57598,7.18759,6.69851,0.017853,-0.00905972,-11344,12640,11992,11176,-134,68
66, 626,-7.01257,7.38897,7.11327,6.52349,0.0181194,-0.00732772,-11700,12328,11868,10884,-136,55
67, 625,-6.76563,7.58796,7.45371,6.50911,0.0218499,-0.00546248,-11288,12660,12436,10860,-164,41
68, 624,-6.74646,7.75579,7.48727,6.54267,0.0194518,-0.00652833,-11256,12940,12492,10916,-146,49
69, 624,-6.73687,7.49686,7.1756,6.68412,0.0231822,0.000266462,-11240,12508,11972,11152,-174,-2
70, 627,-6.74166,7.62153,7.38658,6.40362,0.0325084,0.00812711,-11248,12716,12324,10684,-244,-61
71, 624,-6.63857,7.66708,7.44412,6.57384,0.0402358,0.0130567,-11076,12792,12420,10968,-302,-98
72, 625,-6.78481,7.56878,7.37699,6.45876,0.0522266,0.0323752,-11320,12628,12308,10776,-392,-243
73, 626,-6.55945,7.79415,7.5496,6.5115,0.0671485,0.0442328,-10944,13004,12596,10864,-504,-332
74, 627,-6.83756,7.40815,7.1804,6.59302,0.0799387,0.0508943,-11408,12360,11980,11000,-600,-382
75, 627,-6.62418,7.76058,7.44172,6.54027,0.0900643,0.0624855,-11052,12948,12416,10912,-676,-469
76, 625,-6.8016,7.62393,7.32904,6.5115,0.0964594,0.0687473,-11348,12720,12228,10864,-724,-516
77, 629,-6.6098,7.47768,7.10847,6.69371,0.103254,0.0832695,-11028,12476,11860,11168,-775,-625
78, 630,-6.73687,7.63591,7.43213,6.54747,0.11751,0.0969923,-11240,12740,12400,10924,-882,-728
79, 630,-6.73447,7.48487,7.24033,6.605,0.124838,0.0999234,-11236,12488,12080,11020,-937,-750
80, 630,-6.8016,7.61194,7.28109,6.62179,0.129767,0.106319,-11348,12700,12148,11048,-974,-798
81, 632,-6.78002,7.55919,7.21156,6.59302,0.140692,0.113646,-11312,12612,12032,11000,-1056,-853
82, 634,-6.80879,7.52083,7.36021,6.55226,0.142957,0.118576,-11360,12548,12280,10932,-1073,-890
83, 633,-6.73207,7.57358,6.96223,6.95743,0.149752,0.122173,-11232,12636,11616,11608,-1124,-917
84, 637,-6.94544,7.34342,7.06292,6.75365,0.149619,0.123639,-11588,12252,11784,11268,-1123,-928
85, 640,-6.78481,7.6455,7.03895,6.78721,0.154282,0.131632,-11320,12756,11744,11324,-1158,-988
86, 638,-7.13005,7.41774,7.1756,6.67213,0.158279,0.1299,-11896,12376,11972,11132,-1188,-975
87, 643,-6.72248,7.57358,7.03895,6.78002,0.156014,0.131499,-11216,12636,11744,11312,-1171,-987
88, 639,-7.11087,7.38178,7.10128,6.88791,0.156946,0.127636,-11864,12316,11848,11492,-1178,-958
89, 645,-6.94784,7.41295,7.16361,6.72008,0.160544,0.136296,-11592,12368,11952,11212,-1205,-1023
90, 645,-6.94305,7.37699,6.8975,7.01977,0.157879,0.128568,-11584,12308,11508,11712,-1185,-965
91, 645,-7.09888,7.42494,7.11806,6.74646,0.156413,0.129501,-11844,12388,11876,11256,-1174,-972
92, 642,-6.97182,7.33144,6.97421,6.73926,0.14802,0.128968,-11632,12232,11636,11244,-1111,-968
93, 650,-6.92387,7.41295,7.04854,6.72248,0.152017,0.129501,-11552,12368,11760,11216,-1141,-972
94, 651,-7.17081,7.19958,6.94544,6.96942,0.147753,0.12164,-11964,12012,11588,11628,-1109,-913
95, 652,-7.09648,7.37219,7.03415,6.82317,0.145489,0.116711,-11840,12300,11736,11384,-1092,-876
96, 652,-7.25232,7.14443,6.64336,6.88551,0.134164,0.111115,-12100,11920,11084,11488,-1007,-834
97, 656,-7.09409,7.4609,7.20197,6.95503,0.133098,0.10392,-11836,12448,12016,11604,-999,-780
98, 657,-7.18759,7.08929,6.67693,6.91428,0.12204,0.0937948,-11992,11828,11140,11536,-916,-704
99, 656,-7.10607,7.29068,6.93825,6.94784,0.115911,0.0871332,-11856,12164,11576,11592,-870,-654
100, 658,-7.32185,6.85434,6.60021,6.97661,0.0983247,0.0744763,-12216,11436,11012,11640,-738,-559
101, 660,-7.22115,7.38658,7.04374,6.84475,0.0957933,0.0682144,-12048,12324,11752,11420,-719,-512
102, 659,-7.44651,7.09409,7.04854,6.75844,0.0822037,0.0572894,-12424,11836,11760,11276,-617,-430
103, 662,-7.10847,7.10368,6.71289,7.13484,0.0696799,0.0446325,-11860,11852,11200,11904,-523,-335
104, 659,-7.32185,7.24752,6.95264,6.92147,0.0608867,0.0327749,-12216,12092,11600,11548,-457,-246
105, 661,-7.13484,7.22595,6.77522,7.05333,0.0508943,0.0237152,-11904,12056,11304,11768,-382,-178
106, 660,-7.33623,7.22595,7.03415,6.81598,0.0434334,0.0221164,-12240,12056,11736,11372,-326,-166
107, 660,-7.01977,7.2739,6.74166,7.10607,0.0410352,0.0123905,-11712,12136,11248,11856,-308,-93
108, 662,-7.30267,7.29547,6.93346,6.8903,0.031709,0.00146554,-12184,12172,11568,11496,-238,-11
109, 660,-7.21396,7.26431,6.7033,7.07011,0.0229158,-0.00666156,-12036,12120,11184,11796,-172,50
110, 660,-7.23793,7.30746,7.11806,7.02216,0.0163874,-0.0151884,-12076,12192,11876,11716,-123,114
111, 661,-7.14683,7.05093,6.76803,6.95264,0.00919296,-0.0170536,-11924,11764,11292,11600,-69,128
112, 663,-7.0773,7.25232,6.93585,6.94784,0.00572894,-0.0263798,-11808,12100,11572,11592,-43,198
113, 661,-7.09169,7.16122,6.94544,6.97182,-0.00359724,-0.032242,-11832,11948,11588,11632,27,242
114, 660,-7.20197,7.21875,6.87832,6.8975,-0.0139893,-0.0345069,-12016,12044,11476,11508,105,259
115, 662,-7.11806,7.25472,7.09409,6.72248,-0.0151884,-0.0421011,-11876,12104,11836,11216,114,316
116, 660,-7.21396,7.21156,6.88551,6.97182,-0.0191853,-0.0508943,-12036,12032,11488,11632,144,382
117, 660,-7.07011,7.29068,6.91667,6.87832,-0.0253139,-0.0543583,-11796,12164,11540,11476,190,408
118, 661,-7.1732,7.39377,6.96462,6.86153,-0.0295773,-0.0582221,-11968,12336,11620,11448,222,437
119, 659,-7.30267,7.24513,6.93825,6.95024,-0.0335743,-0.0642175,-12184,12088,11576,11596,252,482
120, 659,-7.11806,7.34822,6.87112,6.97182,-0.0343737,-0.0616861,-11876,12260,11464,11632,258,463
121, 661,-7.07251,7.31465,7.03415,6.86873,-0.0363721,-0.0624855,-11800,12204,11736,11460,273,469
122, 661,-7.20197,7.24033,6.8951,6.94065,-0.0375712,-0.0722113,-12016,12080,11504,11580,282,542
123, 659,-7.21396,7.20677,6.90229,6.8903,-0.0488959,-0.0750092,-12036,12024,11516,11496,367,563
124, 657,-7.18279,7.27629,6.95983,6.88311,-0.0544916,-0.0830031,-11984,12140,11612,11484,409,623
125, 658,-7.11087,7.34103,6.97661,6.81838,-0.0602205,-0.0895314,-11864,12248,11640,11376,452,672
126, 656,-7.14923,7.25232,6.93346,6.88791,-0.0632848,-0.0889985,-11928,12100,11568,11492,475,668
127, 655,-7.0845,7.32185,6.93585,6.84715,-0.0635513,-0.0889985,-11820,12216,11572,11424,477,668
128, 655,-7.04374,7.30027,6.96462,6.81119,-0.0636845,-0.0900643,-11752,12180,11620,11364,478,676
129, 653,-7.04134,7.33623,7.00538,6.81838,-0.0630184,-0.0932619,-11748,12240,11688,11376,473,700
130, 653,-7.0845,7.40815,7.13964,6.82557,-0.0624855,-0.0868668,-11820,12360,11912,11388,469,652
131, 653,-6.94544,7.39137,7.01257,6.71289,-0.0576891,-0.0806049,-11588,12332,11700,11200,433,605
132, 653,-7.0821,7.35062,6.9838,6.81598,-0.0583553,-0.0854012,-11816,12264,11652,11372,438,641
133, 651,-7.03415,7.3674,7.08929,6.76084,-0.0583553,-0.0830031,-11736,12292,11828,11280,438,623
134, 648,-6.97661,7.3626,7.1804,6.76803,-0.0571562,-0.0814043,-11640,12284,11980,11292,429,611
135, 652,-7.05093,7.43453,7.12286,6.72248,-0.053559,-0.0840689,-11764,12404,11884,11216,402,631
136, 649,-7.178,7.28349,6.90708,6.86873,-0.0575559,-0.0863338,-11976,12152,11524,11460,432,648
137, 648,-6.99579,7.44172,7.09409,6.77762,-0.0584885,-0.0883323,-11672,12416,11836,11308,439,663
138, 648,-6.97901,7.36979,7.06532,6.72967,-0.0590214,-0.0862006,-11644,12296,11788,11228,443,647
139, 647,-6.99579,7.42254,7.03895,6.74646,-0.0575559,-0.0851348,-11672,12384,11744,11256,432,639
140, 647,-6.99579,7.44412,7.23554,6.72967,-0.0542251,-0.0812711,-11672,12420,12072,11228,407,610
141, 645,-6.94065,7.44412,7.02696,6.73687,-0.0539587,-0.0771409,-11580,12420,11724,11240,405,579
142, 646,-6.99819,7.43453,7.12765,6.72488,-0.0494288,-0.0790061,-11676,12404,11892,11220,371,593
143, 648,-6.9838,7.37459,7.14204,6.7081,-0.0506279,-0.0756753,-11652,12304,11916,11192,380,568
144, 645,-7.06771,7.40576,7.06771,6.79201,-0.0476968,-0.0775406,-11792,12356,11792,11332,358,582
145, 642,-6.96462,7.40336,7.07251,6.68652,-0.0490291,-0.0779403,-11620,12352,11800,11156,368,585
146, 643,-6.82078,7.52803,7.22355,6.67453,-0.0423675,-0.0715452,-11380,12560,12052,11136,318,537
147, 641,-6.87352,7.4633,7.20197,6.68172,-0.0435666,-0.0679479,-11468,12452,12016,11148,327,510
148, 641,-6.83276,7.52803,7.2715,6.66734,-0.0345069,-0.0612864,-11400,12560,12132,11124,259,460
149, 639,-6.86153,7.52803,7.29308,6.65775,-0.0253139,-0.0492956,-11448,12560,12168,11108,190,370
150, 638,-6.7992,7.5496,7.18759,6.69131,-0.0181194,-0.0365054,-11344,12596,11992,11164,136,274
151, 640,-6.84715,7.46809,7.23074,6.62658,-0.0085268,-0.0350398,-11424,12460,12064,11056,64,263
152, 639,-6.90708,7.45371,7.09648,6.71529,-0.00506279,-0.0335743,-11524,12436,11840,11204,38,252
153, 635,-6.94544,7.49686,7.21636,6.69371,-0.00399694,-0.0293109,-11588,12508,12040,11168,30,220
154, 638,-6.85194,7.49446,7.29787,6.63138,0.00612864,-0.0233155,-11432,12504,12176,11064,-46,175
155, 638,-6.95264,7.43692,7.19478,6.7057,0.00892649,-0.0149219,-11600,12408,12004,11188,-67,112
156, 641,-6.92626,7.50645,7.19478,6.71529,0.0115911,-0.0117243,-11556,12524,12004,11204,-87,88
157, 640,-6.95743,7.37938,7.11806,6.73687,0.00905972,-0.0163874,-11608,12312,11876,11240,-68,123
158, 642,-6.95743,7.44651,7.24752,6.69371,0.00932619,-0.0169204,-11608,12424,12092,11168,-70,127
159, 637,-6.94065,7.42014,7.09169,6.64097,0.00786064,-0.0193185,-11580,12380,11832,11080,-59,145
160, 638,-6.86393,7.53282,7.23554,6.61459,0.0130567,-0.0111914,-11452,12568,12072,11036,-98,84
161, 640,-6.83756,7.39137,7.23314,6.63617,0.017853,-0.00572894,-11408,12332,12068,11072,-134,43
162, 637,-6.87832,7.46569,7.06052,6.73687,0.0197182,-0.00519602,-11476,12456,11780,11240,-148,39
163, 638,-7.01257,7.4585,7.12286,6.68892,0.019585,-0.00479632,-11700,12444,11884,11160,-147,36
164, 637,-6.94065,7.40336,7.15402,6.81598,0.0221164,-0.00692802,-11580,12352,11936,11372,-166,52
165, 638,-6.8975,7.42973,7.23554,6.6074,0.0235819,-0.00146554,-11508,12396,12072,11024,-177,11
166, 639,-6.86873,7.44891,7.0845,6.74885,0.0238484,-0.00159877,-11460,12428,11820,11260,-179,12
167, 637,-6.96223,7.39137,7.0821,6.73687,0.0242481,-0.00413017,-11616,12332,11816,11240,-182,31
168, 638,-6.95024,7.48967,7.15882,6.72967,0.0221164,-0.00359724,-11596,12496,11944,11228,-166,27
169, 638,-6.99579,7.38658,7.04854,6.77522,0.0199847,-0.00666156,-11672,12324,11760,11304,-150,50
170, 638,-6.95983,7.4561,7.09648,6.7057,0.016121,-0.00732772,-11612,12440,11840,11188,-121,55
171, 639,-6.92866,7.43692,7.09409,6.72488,0.0229158,-0.00519602,-11560,12408,11836,11220,-172,39
172, 641,-6.991,7.39617,7.11327,6.71529,0.0177198,-0.0110582,-11664,12340,11868,11204,-133,83
173, 637,-7.02696,7.35781,7.07491,6.72008,0.012657,-0.0118576,-11724,12276,11804,11212,-95,89
174, 639,-6.94784,7.4561,7.01977,6.69371,0.0146554,-0.0123905,-11592,12440,11712,11168,-110,93
175, 638,-6.97901,7.40815,7.06292,6.75844,0.00772741,-0.0153216,-11644,12360,11784,11276,-58,115
176, 639,-6.96702,7.38178,7.13724,6.71289,0.00945942,-0.0169204,-11624,12316,11908,11200,-71,127
177, 639,-7.01977,7.42014,7.02936,6.82078,0.00572894,-0.024781,-11712,12380,11728,11380,-43,186
178, 639,-6.95743,7.39137,7.13724,6.73447,0.00439663,-0.0222496,-11608,12332,11908,11236,-33,167
179, 639,-6.97661,7.42973,7.09648,6.7033,0.00253139,-0.0259801,-11640,12396,11840,11184,-19,195
180, 642,-6.93585,7.37459,7.15163,6.73687,-0.00119908,-0.0263798,-11572,12304,11932,11240,9,198
181, 637,-7.02936,7.36979,7.03415,6.74646,-0.000666156,-0.0294441,-11728,12296,11736,11256,5,221
182, 638,-6.95743,7.4561,7.15163,6.64576,-0.00119908,-0.0271792,-11608,12440,11932,11088,9,204
183, 637,-6.90469,7.39377,7.19478,6.68892,-0.00119908,-0.0270459,-11520,12336,12004,11160,9,203
184, 641,-6.94544,7.47289,7.18519,6.68652,-0,-0.0238484,-11588,12468,11988,11156,0,179
185, 639,-7.06771,7.34822,7.0821,6.74646,-0.00399694,-0.0314426,-11792,12260,11816,11256,30,236
186, 640,-6.86393,7.48248,7.15402,6.73207,-0.00266462,-0.0350398,-11452,12484,11936,11232,20,263
187, 638,-7.0845,7.365,7.12286,6.74166,-0.0085268,-0.035706,-11820,12288,11884,11248,64,268
188, 641,-6.93346,7.48248,7.06771,6.69611,-0.0106585,-0.0379709,-11568,12484,11792,11172,80,285
189, 637,-7.07491,7.3674,7.07011,6.7033,-0.0181194,-0.0459648,-11804,12292,11796,11184,136,345
190, 636,-6.87832,7.52803,7.30027,6.63138,-0.0171868,-0.0387703,-11476,12560,12180,11064,129,291
191, 638,-6.87832,7.41774,7.20197,6.67933,-0.0142557,-0.0378377,-11476,12376,12016,11144,107,284
192, 636,-6.86153,7.44412,7.22355,6.73687,-0.0146554,-0.0377044,-11448,12420,12052,11240,110,283
193, 635,-7.00538,7.43932,7.14204,6.73447,-0.0158545,-0.0425008,-11688,12412,11916,11236,119,319
194, 633,-6.8951,7.42014,7.12046,6.68652,-0.0122573,-0.0403691,-11504,12380,11880,11156,92,303
195, 634,-6.87352,7.50405,7.15642,6.59302,-0.0111914,-0.0381041,-11468,12520,11940,11000,84,286
196, 635,-6.87592,7.48008,7.19238,6.67453,-0.00439663,-0.035706,-11472,12480,12000,11136,33,268
197, 633,-6.83756,7.44651,7.14683,6.76563,-0.00532925,-0.0315758,-11408,12424,11924,11288,40,237
198, 632,-6.87112,7.49686,7.09169,6.62179,-0.000266462,-0.0266462,-11464,12508,11832,11048,2,200
199, 627,-6.81838,7.52563,7.17081,6.74885,0.000799387,-0.0246478,-11376,12556,11964,11260,-6,185
200, 632,-6.74646,7.61194,7.40576,6.54027,0.0131899,-0.0174533,-11256,12700,12356,10912,-99,131
201, 633,-6.93585,7.39856,7.12765,6.58822,0.0173201,-0.00479632,-11572,12344,11892,10992,-130,36
202, 634,-6.91188,7.41295,7.09888,6.83037,0.0193185,-0.0114579,-11532,12368,11844,11396,-145,86
203, 634,-6.93106,7.42973,7.10368,6.69131,0.012124,-0.0105253,-11564,12396,11852,11164,-91,79
204, 633,-7.02696,7.42733,7.16361,6.65056,0.0129234,-0.0151884,-11724,12392,11952,11096,-97,114
205, 633,-6.87112,7.51604,7.2667,6.78721,0.00985911,-0.0142557,-11464,12540,12124,11324,-74,107
206, 636,-6.85434,7.53042,7.21156,6.64097,0.00919296,-0.0155881,-11436,12564,12032,11080,-69,117
207, 632,-6.97421,7.39617,7.07011,6.72488,0.00546248,-0.021317,-11636,12340,11796,11220,-41,160
208, 633,-6.90948,7.51364,7.13005,6.62179,0.00799387,-0.0170536,-11528,12536,11896,11048,-60,128
209, 633,-6.88551,7.43213,7.2715,6.64097,0.00373047,-0.0187856,-11488,12400,12132,11080,-28,141
210, 633,-6.84955,7.50405,7.0845,6.72967,0.0063951,-0.0209173,-11428,12520,11820,11228,-48,157
211, 633,-6.83037,7.48967,7.11087,6.66734,0.00945942,-0.0153216,-11396,12496,11864,11124,-71,115
212, 633,-6.94544,7.4561,7.06771,6.71769,0.00746095,-0.0197182,-11588,12440,11792,11208,-56,148
213, 633,-6.93825,7.47289,7.13005,6.65535,0.00919296,-0.0239816,-11576,12468,11896,11104,-69,180
214, 632,-6.91428,7.43692,7.13484,6.77762,0.00359724,-0.0234487,-11536,12408,11904,11308,-27,176
215, 635,-6.87112,7.53522,7.21156,6.66254,0.00106585,-0.0226493,-11464,12572,12032,11116,-8,170
216, 637,-7.01737,7.38178,7.04374,6.72008,-0.00466309,-0.0309096,-11708,12316,11752,11212,35,232
217, 632,-7.01977,7.30986,7.01018,6.86153,-0.00839357,-0.0363721,-11712,12196,11696,11448,63,273
218, 632,-6.83756,7.53522,7.18519,6.64336,-0.0134564,-0.0403691,-11408,12572,11988,11084,101,303
219, 633,-6.85194,7.50405,7.24273,6.69611,-0.0151884,-0.0394364,-11432,12520,12084,11172,114,296
220, 632,-6.94065,7.42973,7.16841,6.65775,-0.0111914,-0.035173,-11580,12396,11960,11108,84,264
221, 632,-6.94544,7.50405,7.09888,6.65056,-0.016121,-0.040902,-11588,12520,11844,11096,121,307
222, 630,-6.87592,7.49686,7.13484,6.62179,-0.010392,-0.0378377,-11472,12508,11904,11048,78,284
223, 634,-6.82078,7.4633,7.0797,6.75365,-0.0105253,-0.0397029,-11380,12452,11812,11268,79,298
224, 630,-7.05573,7.44412,7.09648,6.62898,-0.0174533,-0.0407688,-11772,12420,11840,11060,131,306
225, 631,-6.95024,7.4585,7.18999,6.63377,-0.0198515,-0.0487626,-11596,12444,11996,11068,149,366
226, 630,-6.90469,7.5496,7.32904,6.59302,-0.0219832,-0.0463645,-11520,12596,12228,11000,165,348
227, 632,-6.84475,7.4609,7.13964,6.64576,-0.0186524,-0.0466309,-11420,12448,11912,11088,140,350
228, 632,-6.93106,7.52083,7.21636,6.71049,-0.0203844,-0.0519602,-11564,12548,12040,11196,153,390
229, 630,-6.82557,7.44651,7.23793,6.67453,-0.0197182,-0.0471639,-11388,12424,12076,11136,148,354
230, 628,-6.91428,7.44891,7.25711,6.58103,-0.0267795,-0.0559571,-11536,12428,12108,10980,201,420
231, 627,-6.93825,7.50645,7.09888,6.64816,-0.0267795,-0.0548913,-11576,12524,11844,11092,201,412
232, 628,-6.86153,7.51844,7.34822,6.61459,-0.0239816,-0.0527596,-11448,12544,12260,11036,180,396
233, 627,-6.78721,7.46569,7.19478,6.59542,-0.0245145,-0.0503614,-11324,12456,12004,11004,184,378
234, 625,-6.78481,7.552,7.12046,6.64097,-0.0170536,-0.0452986,-11320,12600,11880,11080,128,340
235, 627,-6.99339,7.4609,7.37459,6.48753,-0.0167871,-0.0421011,-11668,12448,12304,10824,126,316
236, 626,-6.66974,7.63112,7.20917,6.75125,-0.0154548,-0.0438331,-11128,12732,12028,11264,116,329
237, 625,-6.85674,7.57118,7.31465,6.605,-0.0134564,-0.0447657,-11440,12632,12204,11020,101,336
238, 626,-6.78481,7.37938,7.2715,6.53308,-0.0155881,-0.0414349,-11320,12312,12132,10900,117,311
239, 626,-6.73447,7.56159,7.21875,6.72488,-0.0159877,-0.0410352,-11236,12616,12044,11220,120,308
240, 624,-6.90469,7.51125,7.25711,6.54507,-0.0153216,-0.0425008,-11520,12532,12108,10920,115,319
241, 626,-6.8927,7.52323,7.178,6.61699,-0.0133231,-0.0398361,-11500,12552,11976,11040,100,299
242, 625,-6.86153,7.51604,7.34582,6.56904,-0.012124,-0.0422343,-11448,12540,12256,10960,91,317
243, 624,-6.82797,7.5568,7.24273,6.59542,-0.0137228,-0.0410352,-11392,12608,12084,11004,103,308
244, 624,-6.81358,7.47768,7.18279,6.56665,-0.012124,-0.0370383,-11368,12476,11984,10956,91,278
245, 625,-6.75365,7.57358,7.37219,6.68652,-0.00666156,-0.033441,-11268,12636,12300,11156,50,251
246, 624,-6.8903,7.50885,7.2739,6.53788,-0.00413017,-0.0297106,-11496,12528,12136,10908,31,223
247, 623,-6.61939,7.57598,7.14204,6.68412,-0.00612864,-0.0310429,-11044,12640,11916,11152,46,233
248, 624,-7.03895,7.53282,7.29547,6.52589,-0.0042634,-0.0291776,-11744,12568,12172,10888,32,219
249, 623,-6.75844,7.51125,7.21396,6.69611,-0.00199847,-0.0274456,-11276,12532,12036,11172,15,206
250, 624,-6.79201,7.56159,7.34103,6.55945,-0.00399694,-0.0286447,-11332,12616,12248,10944,30,215
251, 622,-6.76563,7.56159,7.33383,6.5139,-0.000266462,-0.0258469,-11288,12616,12236,10868,2,194
252, 622,-6.72008,7.56878,7.25951,6.50911,-0.000799387,-0.0207841,-11212,12628,12112,10860,6,156
253, 622,-6.86873,7.54241,7.23554,6.55706,0.00679479,-0.017853,-11460,12584,12072,10940,-51,134
254, 621,-6.72488,7.56878,7.29068,6.61699,0.0117243,-0.0139893,-11220,12628,12164,11040,-88,105
255, 622,-6.75365,7.52803,7.32904,6.54267,0.014389,-0.0110582,-11268,12560,12228,10916,-108,83
256, 621,-6.81838,7.53762,7.25232,6.59781,0.0146554,-0.0102588,-11376,12576,12100,11008,-110,77
257, 620,-6.69611,7.51364,7.24992,6.54986,0.021317,-0.00546248,-11172,12536,12096,10928,-160,41
258, 623,-6.78961,7.60235,7.31226,6.50671,0.0218499,-0.00119908,-11328,12684,12200,10856,-164,9
259, 623,-6.77283,7.54721,7.29308,6.61459,0.0249142,-0.000399694,-11300,12592,12168,11036,-187,3
260, 623,-6.86393,7.51604,7.23793,6.65775,0.0250475,-0.00226493,-11452,12540,12076,11108,-188,17
261, 622,-6.81358,7.56878,7.18519,6.64816,0.0250475,-0.00133231,-11368,12628,11988,11092,-188,10
262, 624,-6.82797,7.5568,7.37938,6.54027,0.0233155,0.000799387,-11392,12608,12312,10912,-175,-6
263, 623,-6.76324,7.54481,7.14204,6.62179,0.0238484,-0.00599541,-11284,12588,11916,11048,-179,45
264, 624,-6.82078,7.43692,7.18999,6.66015,0.0251807,0.00133231,-11380,12408,11996,11112,-189,-10
265, 623,-6.72008,7.58317,7.24513,6.60021,0.0254472,-0.00359724,-11212,12652,12088,11012,-191,27
266, 624,-6.89989,7.43692,7.24992,6.60021,0.0223828,-0.00386371,-11512,12408,12096,11012,-168,29
267, 626,-6.73207,7.59036,7.23554,6.61939,0.0207841,-0.00879326,-11232,12664,12072,11044,-156,66
268, 624,-6.94544,7.47768,7.27869,6.63377,0.0191853,-0.00919296,-11588,12476,12144,11068,-144,69
269, 622,-6.77762,7.58317,7.13245,6.59542,0.0177198,-0.00985911,-11308,12652,11900,11004,-133,74
270, 624,-6.80879,7.57118,7.30746,6.44677,0.0197182,-0.00799387,-11360,12632,12192,10756,-148,60
271, 623,-6.68412,7.6455,7.33623,6.68892,0.0231822,-0.00586217,-11152,12756,12240,11160,-174,44
272, 622,-6.92866,7.48967,7.34103,6.57384,0.0201179,-0.00452986,-11560,12496,12248,10968,-151,34
273, 623,-6.8016,7.56159,7.25711,6.53788,0.0189188,-0.00399694,-11348,12616,12108,10908,-142,30
274, 627,-6.81838,7.58077,7.29068,6.55226,0.0259801,0.000666156,-11376,12648,12164,10932,-195,-5
275, 624,-6.92387,7.4585,7.01257,6.7057,0.0242481,-0.00373047,-11552,12444,11700,11188,-182,28
276, 623,-6.78721,7.58077,7.178,6.56425,0.0203844,-0.00386371,-11324,12648,11976,10952,-153,29
277, 624,-6.8951,7.5496,7.2739,6.63377,0.0209173,-0.00586217,-11504,12596,12136,11068,-157,44
278, 624,-6.85674,7.52323,7.28588,6.62658,0.0199847,-0.00373047,-11440,12552,12156,11056,-150,28
279, 625,-6.87112,7.51125,7.20437,6.55945,0.0183859,-0.00732772,-11464,12532,12020,10944,-138,55
280, 625,-6.88791,7.54721,7.24033,6.63857,0.0154548,-0.012124,-11492,12592,12080,11076,-116,91
281, 624,-6.82797,7.54481,7.33623,6.53548,0.0106585,-0.0137228,-11392,12588,12240,10904,-80,103
282, 622,-6.83996,7.48967,7.2667,6.57624,0.0134564,-0.0133231,-11412,12496,12124,10972,-101,100
283, 622,-6.8016,7.48248,7.33144,6.54267,0.013856,-0.0115911,-11348,12484,12232,10916,-104,87
284, 624,-6.69371,7.53522,7.28828,6.64336,0.0190521,-0.00919296,-11168,12572,12160,11084,-143,69
285, 624,-6.95264,7.48967,7.1732,6.61699,0.0182527,-0.00932619,-11600,12496,11968,11040,-137,70
286, 625,-6.77762,7.54001,7.16122,6.605,0.0197182,-0.00759418,-11308,12580,11948,11020,-148,57
287, 625,-6.87832,7.49446,7.13005,6.63138,0.0182527,-0.00706126,-11476,12504,11896,11064,-137,53
288, 624,-6.78721,7.54001,7.2691,6.65775,0.0162542,-0.00439663,-11324,12580,12128,11108,-122,33
289, 625,-6.79201,7.52803,7.27629,6.54267,0.0189188,-0.00879326,-11332,12560,12140,10916,-142,66
290, 624,-6.87112,7.51604,7.19238,6.6074,0.0165207,-0.00905972,-11464,12540,12000,11024,-124,68
291, 624,-6.71769,7.56639,7.26191,6.605,0.0209173,-0.00479632,-11208,12624,12116,11020,-157,36
292, 626,-6.90229,7.45131,7.13724,6.58822,0.0167871,-0.00759418,-11516,12432,11908,10992,-126,57
293, 628,-6.85194,7.552,7.1804,6.61939,0.0187856,-0.0114579,-11432,12600,11980,11044,-141,86
294, 625,-6.99579,7.45371,7.20917,6.62418,0.0107917,-0.0157213,-11672,12436,12028,11052,-81,118
295, 626,-6.80879,7.59516,7.30506,6.56904,0.0134564,-0.014389,-11360,12672,12188,10960,-101,108
296, 621,-6.85914,7.51604,7.13245,6.66734,0.0115911,-0.0150551,-11444,12540,11900,11124,-87,113
297, 624,-6.76803,7.67188,7.40336,6.52589,0.0159877,-0.012657,-11292,12800,12352,10888,-120,95
298, 625,-6.77762,7.51125,7.2715,6.69851,0.0147887,-0.00945942,-11308,12532,12132,11176,-111,71
299, 624,-6.77762,7.52803,7.19718,6.56904,0.0197182,-0.00746095,-11308,12560,12008,10960,-148,56
300, 628,-6.83276,7.53282,7.24992,6.58822,0.0169204,-0.0107917,-11400,12568,12096,10992,-127,81
301, 624,-6.93585,7.46809,7.17081,6.69851,0.0159877,-0.010925,-11572,12460,11964,11176,-120,82
302, 624,-6.7968,7.53042,7.28349,6.57384,0.0106585,-0.0174533,-11340,12564,12152,10968,-80,131
303, 625,-6.81119,7.53282,7.22115,6.62658,0.00892649,-0.016121,-11364,12568,12048,11056,-67,121
304, 624,-6.85674,7.53042,7.1732,6.62898,0.0110582,-0.0130567,-11440,12564,11968,11060,-83,98
305, 626,-6.81358,7.54001,7.28588,6.605,0.0123905,-0.0127902,-11368,12580,12156,11020,-93,96
306, 623,-6.78721,7.45371,7.24513,6.67933,0.0145222,-0.0105253,-11324,12436,12088,11144,-109,79
307, 624,-6.76803,7.54241,7.25711,6.52349,0.0153216,-0.0118576,-11292,12584,12108,10884,-115,89
308, 625,-6.85914,7.51604,7.19958,6.65056,0.0111914,-0.0107917,-11444,12540,12012,11096,-84,81
309, 625,-6.8951,7.49926,7.22115,6.55466,0.0170536,-0.00932619,-11504,12512,12048,10936,-128,70
310, 619,-6.82078,7.56399,7.24992,6.6098,0.0154548,-0.0150551,-11380,12620,12096,11028,-116,113
311, 626,-6.75125,7.62872,7.3626,6.49472,0.019585,-0.0085268,-11264,12728,12284,10836,-147,64
312, 625,-6.8975,7.5496,7.12046,6.7081,0.0233155,-0.00386371,-11508,12596,11880,11192,-175,29
313, 625,-6.88791,7.57118,7.25232,6.54267,0.0201179,-0.00293109,-11492,12632,12100,10916,-151,22
314, 626,-6.90229,7.47049,7.14923,6.7033,0.0199847,-0.00679479,-11516,12464,11928,11184,-150,51
315, 624,-6.82078,7.51364,7.18999,6.62658,0.0187856,-0.00905972,-11380,12536,11996,11056,-141,68
316, 624,-6.88071,7.56159,7.18519,6.6122,0.0146554,-0.0115911,-11480,12616,11988,11032,-110,87
317, 624,-6.78481,7.56399,7.20677,6.68172,0.0154548,-0.00959265,-11320,12620,12024,11148,-116,72
318, 625,-6.85914,7.4633,7.31945,6.57384,0.0155881,-0.0102588,-11444,12452,12212,10968,-117,77
319, 623,-6.85434,7.59036,7.178,6.60021,0.0151884,-0.00919296,-11436,12664,11976,11012,-114,69
320, 624,-6.7992,7.61913,7.29068,6.50671,0.0215835,-0.00559571,-11344,12712,12164,10856,-162,42
321, 625,-6.83996,7.56639,7.1732,6.69131,0.0215835,-0.00452986,-11412,12624,11968,11164,-162,34
322, 627,-6.76084,7.54721,7.28588,6.58583,0.0238484,0.000133231,-11280,12592,12156,10988,-179,-1
323, 624,-6.84955,7.4585,7.07251,6.77043,0.0217167,-0.0063951,-11428,12444,11800,11296,-163,48
324, 624,-6.77522,7.51125,7.35062,6.56904,0.0215835,-0.00319755,-11304,12532,12264,10960,-162,24
325, 627,-6.85914,7.49686,7.24033,6.59781,0.0207841,-0.0042634,-11444,12508,12080,11008,-156,32
326, 627,-6.90229,7.46809,7.13245,6.76563,0.0202511,-0.0085268,-11516,12460,11900,11288,-152,64
327, 627,-6.90948,7.47528,7.20677,6.58103,0.0122573,-0.0134564,-11528,12472,12024,10980,-92,101
328, 626,-6.87832,7.50405,7.24033,6.61459,0.0123905,-0.0171868,-11476,12520,12080,11036,-93,129
329, 625,-6.72728,7.56639,7.32424,6.58583,0.012657,-0.0141225,-11224,12624,12220,10988,-95,106
330, 626,-6.75125,7.61194,7.32185,6.54507,0.0158545,-0.00919296,-11264,12700,12216,10920,-119,69
331, 625,-6.91667,7.5568,7.178,6.61459,0.017853,-0.00519602,-11540,12608,11976,11036,-134,39
332, 625,-6.8975,7.50645,7.3674,6.59062,0.017853,-0.0106585,-11508,12524,12292,10996,-134,80
333, 625,-6.86633,7.5568,7.32424,6.56185,0.0197182,-0.00599541,-11456,12608,12220,10948,-148,45
334, 626,-6.86153,7.49686,7.13005,6.6074,0.0189188,-0.00479632,-11448,12508,11896,11024,-142,36
335, 626,-6.80879,7.56878,7.1732,6.58822,0.0183859,-0.00586217,-11360,12628,11968,10992,-138,44
336, 626,-6.87352,7.54481,7.12046,6.69851,0.0157213,-0.00839357,-11468,12588,11880,11176,-118,63
337, 626,-6.85194,7.51125,7.30027,6.63377,0.016121,-0.0101256,-11432,12532,12180,11068,-121,76
338, 627,-6.82797,7.53522,7.22595,6.6122,0.0201179,-0.00706126,-11392,12572,12056,11032,-151,53
339, 628,-6.81838,7.52803,7.18759,6.65775,0.0175865,-0.00519602,-11376,12560,11992,11108,-132,39
340, 626,-6.88791,7.47768,7.14204,6.61939,0.0177198,-0.010925,-11492,12476,11916,11044,-133,82
341, 626,-6.83516,7.53522,7.30986,6.54986,0.0169204,-0.00879326,-11404,12572,12196,10928,-127,66
342, 625,-6.77762,7.57598,7.29787,6.64816,0.0211838,-0.00479632,-11308,12640,12176,11092,-159,36
343, 625,-6.77522,7.50405,7.30027,6.60261,0.021317,-0.00439663,-11304,12520,12180,11016,-160,33
344, 627,-6.78481,7.53762,7.22115,6.54986,0.0226493,0.000799387,-11320,12576,12048,10928,-170,-6
345, 626,-6.82797,7.48967,7.25232,6.58103,0.0250475,0.000932619,-11392,12496,12100,10980,-188,-7
346, 625,-6.85674,7.54721,7.21156,6.6098,0.0266462,0.00146554,-11440,12592,12032,11028,-200,-11
347, 627,-6.80399,7.61434,7.35781,6.57624,0.0261133,0.000666156,-11352,12704,12276,10972,-196,-5
348, 625,-6.75125,7.51844,7.18519,6.6122,0.0271792,0.00373047,-11264,12544,11988,11032,-204,-28
349, 628,-6.87352,7.56399,7.19718,6.61459,0.0285115,0.00559571,-11468,12620,12008,11036,-214,-42
350, 627,-6.93346,7.55919,7.11327,6.62898,0.0289112,-0.00133231,-11568,12612,11868,11060,-217,10
351, 627,-6.81358,7.54001,7.24513,6.6098,0.0259801,0.000932619,-11368,12580,12088,11028,-195,-7
352, 629,-6.69371,7.552,7.18519,6.58583,0.026513,-0.000133231,-11168,12600,11988,10988,-199,1
353, 627,-6.93585,7.47768,7.04374,6.67933,0.0277121,-0.000266462,-11572,12476,11752,11144,-208,2
354, 626,-6.88551,7.49686,7.20197,6.56665,0.0198515,-0.00253139,-11488,12508,12016,10956,-149,19
355, 627,-6.8016,7.57118,7.23074,6.56904,0.0270459,0.00266462,-11348,12632,12064,10960,-203,-20
356, 628,-6.84235,7.49686,7.2715,6.55945,0.0314426,0.00279786,-11416,12508,12132,10944,-236,-21
357, 629,-6.87352,7.50405,7.28828,6.66734,0.0326417,0.00506279,-11468,12520,12160,11124,-245,-38
358, 627,-6.95503,7.49686,7.1732,6.74166,0.0341072,0.00439663,-11604,12508,11968,11248,-256,-33
359, 629,-6.87112,7.50405,7.21875,6.62179,0.0291776,0.00706126,-11464,12520,12044,11048,-219,-53
360, 630,-6.91907,7.44891,7.0821,6.69131,0.0302435,0.00373047,-11544,12428,11816,11164,-227,-28
361, 629,-6.8927,7.44172,7.21636,6.62418,0.0258469,0.000666156,-11500,12416,12040,11052,-194,-5
362, 628,-6.91188,7.46809,7.18519,6.62898,0.0246478,-0.00506279,-11532,12460,11988,11060,-185,38
363, 628,-6.83996,7.52803,7.2739,6.56665,0.0250475,-0.00306432,-11412,12560,12136,10956,-188,23
364, 628,-6.85914,7.50885,7.20677,6.60021,0.0271792,0.000399694,-11444,12528,12024,11012,-204,-3
365, 629,-6.85914,7.51604,7.19958,6.64816,0.0262466,0.00293109,-11444,12540,12012,11092,-197,-22
366, 631,-6.90948,7.4633,7.14923,6.71049,0.0313093,0.00373047,-11528,12452,11928,11196,-235,-28
367, 629,-6.85914,7.44412,7.08689,6.66015,0.0245145,-0.000799387,-11444,12420,11824,11112,-184,6
368, 630,-6.91667,7.51125,7.21636,6.6098,0.021317,-0.00146554,-11540,12532,12040,11028,-160,11
369, 629,-6.69131,7.67188,7.39856,6.48993,0.0303767,0.00439663,-11164,12800,12344,10828,-228,-33
370, 631,-6.53068,7.78456,7.59036,6.33889,0.051294,0.0338407,-10896,12988,12664,10576,-385,-254
371, 629,-6.40122,7.81812,7.6503,6.25018,0.0831363,0.0667489,-10680,13044,12764,10428,-624,-501
372, 632,-6.26457,7.89963,7.86127,6.14229,0.124438,0.108184,-10452,13180,13116,10248,-934,-812
373, 632,-6.20703,7.93799,7.68866,6.24539,0.172401,0.158012,-10356,13244,12828,10420,-1294,-1186
374, 632,-6.39882,7.90922,7.61194,6.30053,0.2181,0.199047,-10676,13196,12700,10512,-1637,-1494
375, 635,-6.47314,7.70304,7.51844,6.36526,0.250874,0.232755,-10800,12852,12544,10620,-1883,-1747
376, 632,-6.65775,7.6479,7.38897,6.46116,0.277787,0.255804,-11108,12760,12328,10780,-2085,-1920
377, 643,-6.63617,7.6455,7.47289,6.45396,0.296972,0.286047,-11072,12756,12468,10768,-2229,-2147
378, 642,-7.01018,7.44651,6.95024,6.86153,0.307231,0.283916,-11696,12424,11596,11448,-2306,-2131
379, 644,-7.24033,7.26191,6.96462,6.86633,0.298704,0.276855,-12080,12116,11620,11456,-2242,-2078
380, 643,-6.97901,7.23074,6.87592,6.91188,0.293775,0.266196,-11644,12064,11472,11532,-2205,-1998
381, 651,-7.18999,7.22595,6.80639,6.84715,0.27872,0.254605,-11996,12056,11356,11424,-2092,-1911
382, 654,-7.30267,7.0821,6.605,7.09169,0.264597,0.235819,-12184,11816,11020,11832,-1986,-1770
383, 655,-7.63352,6.92866,6.64336,7.08929,0.238351,0.207441,-12736,11560,11084,11828,-1789,-1557
384, 654,-7.67427,6.91188,6.29094,7.35301,0.19585,0.161609,-12804,11532,10496,12268,-1470,-1213
385, 659,-7.81572,6.93585,6.34608,7.20677,0.154282,0.117377,-13040,11572,10588,12024,-1158,-881
386, 661,-7.57358,6.81838,6.231,7.48248,0.106585,0.0740766,-12636,11376,10396,12484,-800,-556
387, 660,-8.00033,6.77762,6.4228,7.33144,0.0644839,0.0285115,-13348,11308,10716,12232,-484,-214
388, 662,-7.48487,7.05093,6.418,7.28109,0.0211838,-0.0170536,-12488,11764,10708,12148,-159,128
389, 661,-7.68386,6.81358,6.40841,7.2691,-0.0209173,-0.0526263,-12820,11368,10692,12128,157,395
390, 660,-7.70064,6.90948,6.59781,7.18279,-0.0556907,-0.0851348,-12848,11528,11008,11984,418,639
391, 660,-7.58796,7.05813,6.63138,7.27629,-0.0839357,-0.116844,-12660,11776,11064,12140,630,877
392, 662,-7.5568,6.95024,6.96223,6.96942,-0.113513,-0.14389,-12608,11596,11616,11628,852,1080
393, 660,-7.42014,7.0797,6.0416,7.66708,-0.136828,-0.172934,-12380,11812,10080,12792,1027,1298
394, 657,-7.51125,6.84475,7.05573,6.6122,-0.161609,-0.192652,-12532,11420,11772,11032,1213,1446
395, 659,-6.9862,7.47289,6.66015,7.2739,-0.179196,-0.210772,-11656,12468,11112,12136,1345,1582
396, 658,-7.51125,7.00059,6.72008,6.73687,-0.197982,-0.226493,-12532,11680,11212,11240,1486,1700
397, 653,-7.03895,7.04854,6.52109,7.19958,-0.214369,-0.246211,-11744,11760,10880,12012,1609,1848
398, 649,-7.20917,7.49686,7.21875,6.59062,-0.232089,-0.2614,-12028,12508,12044,10996,1742,1962
399, 651,-7.12046,7.10847,6.69611,7.00059,-0.244613,-0.274323,-11880,11860,11172,11680,1836,2059
400, 649,-7.02936,7.3674,6.98141,6.83276,-0.249675,-0.281251,-11728,12292,11648,11400,1874,2111
401, 641,-7.32185,7.18279,6.8975,6.78481,-0.264597,-0.294574,-12216,11984,11508,11320,1986,2211
402, 638,-6.80879,7.58317,7.13245,6.76324,-0.270859,-0.298172,-11360,12652,11900,11284,2033,2238
403, 639,-6.94065,7.54721,7.34342,6.62179,-0.272058,-0.30057,-11580,12592,12252,11048,2042,2256
404, 639,-6.93825,7.35781,7.01497,6.81358,-0.271792,-0.300703,-11576,12276,11704,11368,2040,2257
405, 632,-6.77283,7.58557,6.991,6.91188,-0.277254,-0.305899,-11300,12656,11664,11532,2081,2296
406, 629,-7.15882,7.13245,7.23793,6.54507,-0.277521,-0.302168,-11944,11900,12076,10920,2083,2268
407, 629,-6.41321,7.7438,7.22595,6.7992,-0.271392,-0.298172,-10700,12920,12056,11344,2037,2238
408, 627,-7.24513,7.19718,7.34582,6.17346,-0.274723,-0.293508,-12088,12008,12256,10300,2062,2203
409, 620,-6.45157,7.94758,7.40336,6.45396,-0.265263,-0.295773,-10764,13260,12352,10768,1991,2220
410, 617,-6.68172,7.44891,7.49446,6.34128,-0.2606,-0.28325,-11148,12428,12504,10580,1956,2126
411, 620,-6.27416,7.87086,7.45371,6.4204,-0.241815,-0.269127,-10468,13132,12436,10712,1815,2020
412, 616,-6.83276,7.43692,7.42014,6.29813,-0.231689,-0.25234,-11400,12408,12380,10508,1739,1894
413, 613,-6.17346,7.94279,7.15402,6.68892,-0.2181,-0.245812,-10300,13252,11936,11160,1637,1845
414, 606,-6.85674,7.54721,7.59995,5.82583,-0.207441,-0.23089,-11440,12592,12680,9720,1557,1733
415, 609,-5.92173,8.05787,7.71503,6.46835,-0.185325,-0.211438,-9880,13444,12872,10792,1391,1587
416, 609,-6.87592,7.51844,7.57598,5.91214,-0.177198,-0.197982,-11472,12544,12640,9864,1330,1486
417, 604,-6.15428,8.08184,7.50166,6.68172,-0.161077,-0.19092,-10268,13484,12516,11148,1209,1433
418, 600,-6.64097,7.66948,7.77976,5.7587,-0.155214,-0.175332,-11080,12796,12980,9608,1165,1316
419, 602,-6.35327,8.0267,7.42973,6.58583,-0.133764,-0.16081,-10600,13392,12396,10988,1004,1207
420, 600,-6.66734,7.69585,7.51364,6.16147,-0.120708,-0.144289,-11124,12840,12536,10280,906,1083
421, 596,-6.04879,8.15137,7.77257,6.35327,-0.103387,-0.131233,-10092,13600,12968,10600,776,985
422, 597,-6.65775,7.59516,7.33623,6.1399,-0.0915299,-0.114979,-11108,12672,12240,10244,687,863
423, 595,-6.29333,8.09623,7.87566,6.01523,-0.0732772,-0.0972588,-10500,13508,13140,10036,550,730
424, 595,-6.16147,7.86367,7.67907,6.29333,-0.0591547,-0.0824701,-10280,13120,12812,10500,444,619
425, 593,-6.43479,7.86607,7.49446,6.34848,-0.0433002,-0.073144,-10736,13124,12504,10592,325,549
426, 592,-6.42759,7.91642,7.60954,6.11832,-0.0321087,-0.0558239,-10724,13208,12696,10208,241,419
427, 593,-6.24299,7.88285,7.56399,6.27176,-0.0154548,-0.0385038,-10416,13152,12620,10464,116,289
428, 592,-6.46116,7.8349,7.56639,6.15188,0.00333078,-0.0227825,-10780,13072,12624,10264,-25,171
429, 591,-6.5187,7.91881,7.70544,6.08715,0.0155881,-0.00959265,-10876,13212,12856,10156,-117,72
430, 591,-6.37245,7.95717,7.59755,6.2358,0.0243813,-0.000532925,-10632,13276,12676,10404,-183,4
431, 591,-6.4204,7.78935,7.59995,6.24059,0.0382374,0.0162542,-10712,12996,12680,10412,-287,-122
432, 595,-6.37485,7.90922,7.61673,6.20703,0.054758,0.0295773,-10636,13196,12708,10356,-411,-222
433, 593,-6.44437,7.68626,7.53762,6.35807,0.0619525,0.0373047,-10752,12824,12576,10608,-465,-280
434, 595,-6.52349,7.82531,7.54001,6.26696,0.0611531,0.0331746,-10884,13056,12580,10456,-459,-249
435, 594,-6.42759,7.81333,7.49207,6.44198,0.0654165,0.0439663,-10724,13036,12500,10748,-491,-330
436, 595,-6.49472,7.79175,7.5568,6.27176,0.0755421,0.0508943,-10836,13000,12608,10464,-567,-382
437, 596,-6.38444,7.83011,7.53522,6.26696,0.0808714,0.0576891,-10652,13064,12572,10456,-607,-433
438, 595,-6.76563,7.69825,7.41535,6.29573,0.0862006,0.0607534,-11288,12844,12372,10504,-647,-456
439, 596,-6.50911,7.85648,7.44172,6.33649,0.0909969,0.0642175,-10860,13108,12416,10572,-683,-482
440, 600,-6.67213,7.67188,7.39617,6.37005,0.0908637,0.0640842,-11132,12800,12340,10628,-682,-481
441, 596,-6.62418,7.73181,7.42254,6.4228,0.088732,0.0644839,-11052,12900,12384,10716,-666,-484
442, 599,-6.59542,7.67667,7.55919,6.3221,0.0873997,0.0672818,-11004,12808,12612,10548,-656,-505
443, 599,-6.5187,7.75818,7.48487,6.21901,0.0963262,0.0699464,-10876,12944,12488,10376,-723,-525
444, 599,-6.54507,7.71503,7.50405,6.3269,0.099124,0.0755421,-10920,12872,12520,10556,-744,-567
445, 598,-6.59542,7.72702,7.43213,6.4204,0.102721,0.0792726,-11004,12892,12400,10712,-771,-595
446, 597,-6.56904,7.65749,7.49207,6.36766,0.103387,0.0798055,-10960,12776,12500,10624,-776,-599
447, 601,-6.55226,7.75099,7.57358,6.35087,0.11258,0.0864671,-10932,12932,12636,10596,-845,-649
448, 602,-6.64576,7.65989,7.38178,6.45396,0.118309,0.0872665,-11088,12780,12316,10768,-888,-655
449, 605,-6.65775,7.73421,7.38418,6.47314,0.120974,0.0901975,-11108,12904,12320,10800,-908,-677
450, 605,-6.64336,7.59755,7.23554,6.46595,0.116711,0.0893982,-11084,12676,12072,10788,-876,-671
451, 605,-6.71769,7.65509,7.38418,6.45396,0.115778,0.0928622,-11208,12772,12320,10768,-869,-697
452, 606,-6.72008,7.64311,7.35541,6.45396,0.112714,0.0900643,-11212,12752,12272,10768,-846,-676
453, 610,-6.67933,7.59276,7.30986,6.49232,0.111781,0.0844686,-11144,12668,12196,10832,-839,-634
454, 609,-6.82797,7.56639,7.16122,6.57384,0.107917,0.0822037,-11392,12624,11948,10968,-810,-617
455, 608,-6.81598,7.56639,7.26431,6.49952,0.103387,0.0771409,-11372,12624,12120,10844,-776,-579
456, 609,-6.72488,7.58317,7.30027,6.55945,0.100323,0.0732772,-11220,12652,12180,10944,-753,-550
457, 611,-6.78002,7.60954,7.24752,6.54267,0.0975253,0.0696799,-11312,12696,12092,10916,-732,-523
458, 611,-6.8927,7.57358,7.16361,6.6098,0.090464,0.0594211,-11500,12636,11952,11028,-679,-446
459, 614,-6.78961,7.61913,7.25711,6.58583,0.0814043,0.0560904,-11328,12712,12108,10988,-611,-421
460, 613,-6.83516,7.49926,7.15882,6.61939,0.076608,0.0500949,-11404,12512,11944,11044,-575,-376
461, 613,-6.87592,7.52563,7.28828,6.58343,0.0692802,0.0422343,-11472,12556,12160,10984,-520,-317
462, 614,-6.83276,7.53522,7.21396,6.55226,0.0619525,0.0365054,-11400,12572,12036,10932,-465,-274
463, 616,-6.85434,7.57598,7.16361,6.54747,0.0559571,0.0285115,-11436,12640,11952,10924,-420,-214
464, 617,-6.8951,7.52803,7.19238,6.60261,0.051827,0.0245145,-11504,12560,12000,11016,-389,-184
465, 612,-6.93825,7.4561,7.23314,6.66734,0.0429005,0.0151884,-11576,12440,12068,11124,-322,-114
466, 615,-6.76803,7.61913,7.29787,6.48273,0.0349066,0.00999234,-11292,12712,12176,10816,-262,-75
467, 616,-6.71769,7.56878,7.1732,6.5115,0.0331746,0.00772741,-11208,12628,11968,10864,-249,-58
468, 616,-6.81119,7.58796,7.2739,6.47314,0.0355727,0.0102588,-11364,12660,12136,10800,-267,-77
469, 616,-6.78002,7.56878,7.32904,6.54267,0.0346401,0.0114579,-11312,12628,12228,10916,-260,-86
470, 616,-6.97901,7.49686,7.178,6.605,0.0297106,0.00133231,-11644,12508,11976,11020,-223,-10
471, 619,-6.84235,7.53282,7.26191,6.55706,0.0257136,-0.00159877,-11416,12568,12116,10940,-193,12
472, 617,-6.86633,7.52803,7.27869,6.605,0.0242481,-0.00293109,-11456,12560,12144,11020,-182,22
473, 616,-6.87592,7.49686,7.23793,6.59302,0.0146554,-0.00919296,-11472,12508,12076,11000,-110,69
474, 619,-6.7944,7.5568,7.26191,6.52109,0.0111914,-0.0130567,-11336,12608,12116,10880,-84,98
475, 616,-6.74885,7.60475,7.37699,6.53548,0.0133231,-0.012124,-11260,12688,12308,10904,-100,91
476, 616,-6.78242,7.54481,7.31705,6.50911,0.0198515,-0.00719449,-11316,12588,12208,10860,-149,54
477, 619,-6.71529,7.6503,7.50166,6.46595,0.0219832,-0.00506279,-11204,12764,12516,10788,-165,38
478, 617,-6.72248,7.58557,7.32904,6.52109,0.0283783,-0.000932619,-11216,12656,12228,10880,-213,7
479, 616,-6.69131,7.59755,7.28828,6.46835,0.0258469,-0.000932619,-11164,12676,12160,10792,-194,7
480, 616,-6.6122,7.75339,7.3674,6.44917,0.0285115,0.00679479,-11032,12936,12292,10760,-214,-51
481, 615,-6.64816,7.6455,7.34822,6.59062,0.0393032,0.0157213,-11092,12756,12260,10996,-295,-118
482, 617,-6.74406,7.58077,7.29787,6.52349,0.0419678,0.0209173,-11252,12648,12176,10884,-315,-157
483, 620,-6.84475,7.49446,7.14443,6.54267,0.0429005,0.0214502,-11420,12504,11920,10916,-322,-161
484, 619,-6.81598,7.59755,7.3674,6.58822,0.0448989,0.0194518,-11372,12676,12292,10992,-337,-146
485, 620,-6.82797,7.50885,7.2739,6.52109,0.0471639,0.0186524,-11392,12528,12136,10880,-354,-140
486, 619,-6.41561,7.84929,7.68626,6.16387,0.0602205,0.0468974,-10704,13096,12824,10284,-452,-352
487, 621,-5.29599,8.79868,9.10076,5.21208,0.144156,0.142824,-8836,14680,15184,8696,-1082,-1072
488, 620,-5.05625,8.60209,8.67401,5.33675,0.281651,0.278054,-8436,14352,14472,8904,-2114,-2087
489, 624,-5.857,8.14897,8.05787,5.96249,0.366919,0.355861,-9772,13596,13444,9948,-2754,-2671
490, 626,-6.62418,7.70784,7.33144,6.53308,0.405956,0.384772,-11052,12860,12232,10900,-3047,-2888
491, 626,-6.92866,7.41774,6.9862,6.77762,0.412484,0.385838,-11560,12376,11656,11308,-3096,-2896
492, 630,-7.24513,7.22834,6.82317,6.86393,0.397029,0.372248,-12088,12060,11384,11452,-2980,-2794
493, 636,-7.40576,7.18279,6.78721,7.05333,0.374113,0.343603,-12356,11984,11324,11768,-2808,-2579
494, 642,-7.59995,6.87592,6.33889,7.03175,0.333345,0.30057,-12680,11472,10576,11732,-2502,-2256
495, 641,-7.49446,6.95983,6.47794,7.11566,0.293375,0.261,-12504,11612,10808,11872,-2202,-1959
496, 643,-7.43453,7.11566,6.72248,7.04614,0.257936,0.228625,-12404,11872,11216,11756,-1936,-1716
497, 651,-7.4609,7.07491,6.67213,7.23314,0.222629,0.192786,-12448,11804,11132,12068,-1671,-1447
498, 652,-7.5496,6.80879,6.47075,7.178,0.18719,0.153482,-12596,11360,10796,11976,-1405,-1152
499, 653,-7.51125,7.05333,6.63138,7.23314,0.151351,0.119775,-12532,11768,11064,12068,-1136,-899
500, 652,-7.50405,6.96702,6.52349,7.15882,0.114312,0.0847351,-12520,11624,10884,11944,-858,-636
501, 656,-7.48008,7.09648,6.69371,7.0845,0.0844686,0.0550245,-12480,11840,11168,11820,-634,-413
502, 657,-7.41774,7.02216,6.7081,7.15642,0.0602205,0.0302435,-12376,11716,11192,11940,-452,-227
503, 656,-7.43932,7.12046,6.72967,7.06771,0.0346401,0.00306432,-12412,11880,11228,11792,-260,-23
504, 660,-7.30746,7.13724,6.83037,7.0773,0.0139893,-0.0177198,-12192,11908,11396,11808,-105,133
505, 659,-7.35062,7.13964,6.80879,7.13005,-0.00692802,-0.0337075,-12264,11912,11360,11896,52,253
506, 660,-7.33144,7.14923,6.84955,6.9838,-0.0269127,-0.0550245,-12232,11928,11428,11652,202,413
507, 660,-7.36021,7.15642,6.74166,7.06292,-0.0421011,-0.0740766,-12280,11940,11248,11784,316,556
508, 656,-7.20677,7.21396,6.93346,6.94065,-0.0566233,-0.0851348,-12024,12036,11568,11580,425,639
509, 655,-7.15163,7.29308,7.00298,6.84715,-0.0627519,-0.090464,-11932,12168,11684,11424,471,679
510, 653,-7.08929,7.32904,7.07251,6.91188,-0.0678147,-0.0941945,-11828,12228,11800,11532,509,707
511, 653,-7.08689,7.32904,7.11087,6.81838,-0.0715452,-0.0944609,-11824,12228,11864,11376,537,709
512, 656,-7.04134,7.37459,6.96223,6.89989,-0.0694135,-0.0985911,-11748,12304,11616,11512,521,740
513, 654,-7.12765,7.18759,6.90469,6.85914,-0.0704793,-0.0997902,-11892,11992,11520,11444,529,749
514, 652,-6.991,7.30746,7.03895,6.7944,-0.0764747,-0.105386,-11664,12192,11744,11336,574,791
515, 650,-7.19238,7.20917,6.83276,6.92626,-0.0879326,-0.113779,-12000,12028,11400,11556,660,854
516, 651,-7.06532,7.32664,7.12046,6.86153,-0.0935283,-0.120574,-11788,12224,11880,11448,702,905
517, 648,-7.06052,7.30986,6.99579,6.77762,-0.103121,-0.131766,-11780,12196,11672,11308,774,989
518, 647,-6.99339,7.28828,7.11566,6.7057,-0.102588,-0.132032,-11668,12160,11872,11188,770,991
519, 649,-6.94784,7.40336,7.08929,6.75604,-0.103387,-0.130167,-11592,12352,11828,11272,776,977
520, 649,-7.08929,7.25711,6.94544,6.84955,-0.108583,-0.136695,-11828,12108,11588,11428,815,1026
521, 645,-6.93825,7.32185,6.96223,6.84715,-0.109649,-0.140692,-11576,12216,11616,11424,823,1056
522, 645,-7.04854,7.43692,7.11566,6.83996,-0.116178,-0.145755,-11760,12408,11872,11412,872,1094
523, 642,-7.01018,7.31945,6.991,6.76084,-0.120574,-0.14802,-11696,12212,11664,11280,905,1111
524, 642,-6.94544,7.43932,7.20437,6.59302,-0.116044,-0.143224,-11588,12412,12020,11000,871,1075
525, 637,-6.82797,7.4633,7.07491,6.73926,-0.116444,-0.144289,-11392,12452,11804,11244,874,1083
526, 636,-6.92866,7.46809,7.2667,6.55706,-0.113646,-0.14349,-11560,12460,12124,10940,853,1077
527, 635,-6.84715,7.53042,7.15642,6.74406,-0.109516,-0.138294,-11424,12564,11940,11252,822,1038
528, 635,-6.8927,7.50405,7.2667,6.5163,-0.107651,-0.131632,-11500,12520,12124,10872,808,988
529, 636,-6.76563,7.48008,7.20917,6.64336,-0.103654,-0.131366,-11288,12480,12028,11084,778,986
530, 632,-6.96223,7.40815,7.10368,6.63138,-0.101922,-0.130433,-11616,12360,11852,11064,765,979
531, 632,-6.92866,7.51125,7.23074,6.59781,-0.0977917,-0.125237,-11560,12532,12064,11008,734,940
532, 632,-6.81598,7.52803,7.30506,6.65056,-0.0984579,-0.120974,-11372,12560,12188,11096,739,908
533, 628,-6.90469,7.42973,7.22595,6.66494,-0.0924625,-0.121907,-11520,12396,12056,11120,694,915
534, 630,-6.75365,7.61434,7.40576,6.54986,-0.093928,-0.121773,-11268,12704,12356,10928,705,914
535, 627,-6.76324,7.552,7.24033,6.65295,-0.0873997,-0.113247,-11284,12600,12080,11100,656,850
536, 630,-6.75125,7.63591,7.48248,6.49472,-0.0860674,-0.112314,-11264,12740,12484,10836,646,843
537, 623,-6.85194,7.47289,7.19238,6.55226,-0.080072,-0.109516,-11432,12468,12000,10932,601,822
538, 622,-6.85914,7.53522,7.37459,6.42999,-0.0799387,-0.106052,-11444,12572,12304,10728,600,796
539, 624,-6.61459,7.70064,7.40576,6.48993,-0.0715452,-0.0965926,-11036,12848,12356,10828,537,725
540, 624,-6.75844,7.58077,7.32424,6.45157,-0.0638178,-0.0876662,-11276,12648,12220,10764,479,658
541, 616,-6.80399,7.63352,7.18519,6.74646,-0.0590214,-0.0877994,-11352,12736,11988,11256,443,659
542, 620,-6.67933,7.57358,7.6479,6.3245,-0.051827,-0.0759418,-11144,12636,12760,10552,389,570
543, 620,-6.50431,7.73421,7.19238,6.67453,-0.0406355,-0.0660827,-10852,12904,12000,11136,305,496
544, 620,-6.76324,7.63352,7.35062,6.48273,-0.0354395,-0.057023,-11284,12736,12264,10816,266,428
545, 620,-6.80879,7.65509,7.30506,6.56185,-0.0281118,-0.0522266,-11360,12772,12188,10948,211,392
546, 620,-6.74406,7.64071,7.3674,6.36766,-0.0218499,-0.0446325,-11252,12748,12292,10624,164,335
547, 618,-6.62898,7.57118,7.22595,6.48753,-0.0190521,-0.0427672,-11060,12632,12056,10824,143,321
548, 617,-6.63617,7.67427,7.58317,6.40122,-0.0113247,-0.0350398,-11072,12804,12652,10680,85,263
549, 616,-6.63857,7.60954,7.30986,6.55706,-0.00413017,-0.028245,-11076,12696,12196,10940,31,212
550, 616,-6.73687,7.72462,7.39856,6.48034,0.00532925,-0.0226493,-11240,12888,12344,10812,-40,170
551, 618,-6.68172,7.66948,7.3674,6.52829,0.00786064,-0.0123905,-11148,12796,12292,10892,-59,93
552, 618,-6.64816,7.67188,7.35781,6.40841,0.0174533,-0.0105253,-11092,12800,12276,10692,-131,79
553, 617,-6.76803,7.53042,7.24513,6.52349,0.0182527,-0.0042634,-11292,12564,12088,10884,-137,32
554, 617,-6.67453,7.6479,7.365,6.56425,0.0223828,-0,-11136,12760,12288,10952,-168,0
555, 619,-6.81358,7.65749,7.28828,6.50431,0.0275789,0.0042634,-11368,12776,12160,10852,-207,-32
556, 617,-6.76803,7.61194,7.365,6.47314,0.0318423,0.00546248,-11292,12700,12288,10800,-239,-41
557, 618,-6.82557,7.5496,7.3626,6.52589,0.0327749,0.0042634,-11388,12596,12284,10888,-246,-32
558, 619,-6.86153,7.63112,7.33383,6.63377,0.035706,0.0042634,-11448,12732,12236,11068,-268,-32
559, 619,-6.88311,7.52563,7.22595,6.59302,0.0335743,0.00506279,-11484,12556,12056,11000,-252,-38
560, 620,-6.78481,7.54481,7.25232,6.52349,0.0311761,0.00266462,-11320,12588,12100,10884,-234,-20
561, 619,-6.76803,7.48967,7.29068,6.54027,0.0319755,0.00652833,-11292,12496,12164,10912,-240,-49
562, 622,-6.88071,7.57837,7.35781,6.59302,0.0287779,0.00679479,-11480,12644,12276,11000,-216,-51
563, 619,-6.8016,7.57118,7.2667,6.56425,0.0330413,0.00106585,-11348,12632,12124,10952,-248,-8
564, 621,-6.80639,7.61194,7.40336,6.49952,0.0338407,0.010925,-11356,12700,12352,10844,-254,-82
565, 620,-6.77522,7.51844,7.1756,6.62898,0.0355727,0.0101256,-11304,12544,11972,11060,-267,-76
566, 622,-6.88071,7.5568,7.28588,6.56425,0.0349066,0.00972588,-11480,12608,12156,10952,-262,-73
567, 620,-6.84475,7.56399,7.22115,6.54747,0.0337075,0.00559571,-11420,12620,12048,10924,-253,-42
568, 620,-6.81358,7.51844,7.34822,6.53068,0.0343737,0.00999234,-11368,12544,12260,10896,-258,-75
569, 620,-6.79201,7.59036,7.24513,6.52829,0.035173,0.012124,-11332,12664,12088,10892,-264,-91
570, 620,-6.77283,7.61673,7.3674,6.46355,0.0398361,0.0127902,-11300,12708,12292,10784,-299,-96
571, 622,-6.77762,7.57358,7.27629,6.59302,0.0431669,0.0185191,-11308,12636,12140,11000,-324,-139
572, 621,-6.81358,7.52803,7.22355,6.59542,0.0438331,0.0197182,-11368,12560,12052,11004,-329,-148
573, 621,-6.86153,7.47768,7.20677,6.58343,0.040902,0.0155881,-11448,12476,12024,10984,-307,-117
574, 621,-6.83037,7.51364,7.24033,6.6098,0.0367718,0.0123905,-11396,12536,12080,11028,-276,-93
575, 622,-6.79201,7.59036,7.23074,6.56904,0.0377044,0.0157213,-11332,12664,12064,10960,-283,-118
576, 623,-6.82557,7.62872,7.13484,6.57624,0.040902,0.0149219,-11388,12728,11904,10972,-307,-112
577, 622,-6.84955,7.51125,7.24752,6.60021,0.0436998,0.0137228,-11428,12532,12092,11012,-328,-103
578, 622,-6.83996,7.5568,7.20917,6.59062,0.0393032,0.0123905,-11412,12608,12028,10996,-295,-93
579, 622,-6.75844,7.47049,7.22834,6.53548,0.0415681,0.0153216,-11276,12464,12060,10904,-312,-115
580, 621,-6.8016,7.61913,7.36979,6.55945,0.0458315,0.0223828,-11348,12712,12296,10944,-344,-168
581, 626,-6.74166,7.58796,7.32664,6.58343,0.0499617,0.0250475,-11248,12660,12224,10984,-375,-188
582, 623,-6.85914,7.47528,7.13005,6.605,0.0551577,0.028245,-11444,12472,11896,11020,-414,-212
583, 627,-6.78961,7.53522,7.32904,6.60021,0.0539587,0.0289112,-11328,12572,12228,11012,-405,-217
584, 624,-6.91188,7.51844,7.03175,6.68172,0.0511608,0.0254472,-11532,12544,11732,11148,-384,-191
585, 622,-6.93346,7.5544,7.24513,6.57863,0.0486294,0.019585,-11568,12604,12088,10976,-365,-147
586, 624,-6.79201,7.53042,7.24752,6.61939,0.0466309,0.0231822,-11332,12564,12092,11044,-350,-174
587, 627,-6.76563,7.52803,7.15882,6.59062,0.0543583,0.0257136,-11288,12560,11944,10996,-408,-193
588, 624,-6.92387,7.42014,7.19958,6.72728,0.0464977,0.0203844,-11552,12380,12012,11224,-349,-153
589, 625,-6.8903,7.53522,7.28828,6.605,0.0427672,0.0197182,-11496,12572,12160,11020,-321,-148
590, 627,-6.86633,7.50645,7.13724,6.56904,0.0382374,0.0146554,-11456,12524,11908,10960,-287,-110
591, 626,-6.90948,7.48727,7.21875,6.64576,0.03917,0.010925,-11528,12492,12044,11088,-294,-82
592, 626,-6.90708,7.48008,7.18519,6.61939,0.0379709,0.010925,-11524,12480,11988,11044,-285,-82
593, 627,-6.8927,7.46809,7.16361,6.68892,0.035706,0.0102588,-11500,12460,11952,11160,-268,-77
594, 630,-6.8951,7.47289,7.11087,6.62179,0.0337075,0.00506279,-11504,12468,11864,11048,-253,-38
595, 626,-7.00778,7.47049,7.178,6.65535,0.0301103,0.00266462,-11692,12464,11976,11104,-226,-20
596, 627,-6.84475,7.50645,7.31705,6.66254,0.0258469,0.000532925,-11420,12524,12208,11116,-194,-4
597, 627,-6.8951,7.49446,7.18759,6.68172,0.0273124,0.000266462,-11504,12504,11992,11148,-205,-2
598, 624,-6.86393,7.47768,7.21156,6.61459,0.0278453,-0.00186524,-11452,12476,12032,11036,-209,14
599, 623,-6.86633,7.48248,7.18999,6.65535,0.0238484,-0.00106585,-11456,12484,11996,11104,-179,8
600, 628,-6.83516,7.51364,7.2739,6.63617,0.0287779,0.00306432,-11404,12536,12136,11072,-216,-23
601, 628,-6.96942,7.43213,7.09409,6.73687,0.0278453,0.000399694,-11628,12400,11836,11240,-209,-3
602, 627,-6.86873,7.42733,7.23314,6.74885,0.019585,-0.00759418,-11460,12392,12068,11260,-147,57
603, 627,-6.60021,7.61913,7.42494,6.42999,0.0287779,0.00826034,-11012,12712,12388,10728,-216,-62
604, 631,-6.38923,7.79175,7.66948,6.28614,0.0567565,0.033974,-10660,13000,12796,10488,-426,-255
605, 629,-6.37245,7.94279,7.66948,6.30292,0.0924625,0.0751424,-10632,13252,12796,10516,-694,-564
606, 630,-6.24299,7.9284,7.88285,6.12551,0.136162,0.122573,-10416,13228,13152,10220,-1022,-920
607, 630,-6.20463,7.98594,7.88045,6.17346,0.18679,0.172401,-10352,13324,13148,10300,-1402,-1294
608, 632,-6.20942,7.98115,7.84209,6.11832,0.240216,0.22596,-10360,13316,13084,10208,-1803,-1696
609, 636,-6.24059,7.88765,7.81333,6.16387,0.294574,0.279519,-10412,13160,13036,10284,-2211,-2098
610, 640,-6.38444,7.79894,7.69105,6.27895,0.33974,0.320688,-10652,13012,12832,10476,-2550,-2407
611, 638,-6.65295,7.61913,7.3674,6.50671,0.372781,0.351997,-11100,12712,12292,10856,-2798,-2642
612, 638,-6.75365,7.52323,7.25232,6.605,0.392632,0.369983,-11268,12552,12100,11020,-2947,-2777
613, 653,-6.8903,7.31465,7.10847,6.75844,0.404224,0.379309,-11496,12204,11860,11276,-3034,-2847
614, 652,-7.33144,7.10368,6.62418,7.15642,0.394764,0.366519,-12232,11852,11052,11940,-2963,-2751
615, 653,-7.42973,6.98141,6.72008,7.09888,0.366119,0.335077,-12396,11648,11212,11844,-2748,-2515
616, 653,-7.54481,6.95983,6.57624,7.2715,0.337741,0.305499,-12588,11612,10972,12132,-2535,-2293
617, 660,-7.66708,6.8975,6.49952,7.21636,0.302701,0.272458,-12792,11508,10844,12040,-2272,-2045
618, 662,-7.94039,6.66254,6.06797,7.56878,0.254605,0.221031,-13248,11116,10124,12628,-1911,-1659
619, 664,-7.79415,6.73207,6.18785,7.50166,0.202511,0.164274,-13004,11232,10324,12516,-1520,-1233
620, 663,-7.97156,6.62658,6.27176,7.3674,0.142691,0.107784,-13300,11056,10464,12292,-1071,-809
621, 666,-7.75099,6.78242,6.44437,7.35301,0.0901975,0.0600873,-12932,11316,10752,12268,-677,-451
622, 666,-7.91402,6.68892,6.3269,7.46809,0.0429005,0.0129234,-13204,11160,10556,12460,-322,-97
623, 668,-7.78216,6.95024,6.37245,7.35062,-0.000799387,-0.0337075,-12984,11596,10632,12264,6,253
624, 666,-7.51604,6.72728,6.38204,7.28828,-0.0377044,-0.0728775,-12540,11224,10648,12160,283,547
625, 664,-7.39137,6.93825,6.29573,7.46569,-0.0799387,-0.115645,-12332,11576,10504,12456,600,868
626, 667,-7.8373,6.75125,6.96942,6.991,-0.11338,-0.142557,-13076,11264,11628,11664,851,1070
627, 667,-7.42973,7.06771,6.55466,7.3674,-0.135896,-0.170936,-12396,11792,10936,12292,1020,1283
628, 666,-7.65989,6.81598,6.21901,7.03175,-0.168271,-0.195051,-12780,11372,10376,11732,1263,1464
629, 660,-7.23554,7.22355,6.83516,6.94784,-0.192253,-0.221164,-12072,12052,11404,11592,1443,1660
630, 663,-7.57598,6.84955,6.65775,7.00538,-0.212104,-0.242614,-12640,11428,11108,11688,1592,1821
631, 660,-7.01257,7.37938,6.85194,7.17081,-0.23089,-0.262599,-11700,12312,11432,11964,1733,1971
632, 660,-7.70304,6.7968,6.38684,6.94065,-0.249809,-0.27832,-12852,11340,10656,11580,1875,2089
633, 655,-6.77522,7.44412,7.01257,7.21156,-0.260334,-0.294441,-11304,12420,11700,12032,1954,2210
634, 656,-7.47289,6.85914,6.67453,6.57384,-0.278054,-0.307364,-12468,11444,11136,10968,2087,2307
635, 653,-7.02696,7.39856,7.01977,7.35301,-0.289511,-0.323485,-11724,12344,11712,12268,2173,2428
636, 654,-7.35062,6.9862,6.66494,7.00298,-0.30843,-0.340273,-12264,11656,11120,11684,2315,2554
637, 646,-6.99579,7.23074,7.11087,6.73207,-0.32655,-0.353995,-11672,12064,11864,11232,2451,2657
638, 643,-7.37938,7.2667,6.94065,6.43718,-0.337608,-0.364521,-12312,12124,11580,10740,2534,2736
639, 642,-7.02216,7.56878,6.83276,6.96223,-0.341072,-0.370116,-11716,12628,11400,11616,2560,2778
640, 642,-7.03895,7.2667,7.31945,6.46355,-0.341605,-0.371848,-11744,12124,12212,10784,2564,2791
641, 631,-6.91188,7.34582,7.09648,6.69371,-0.346002,-0.379709,-11532,12256,11840,11168,2597,2850
642, 625,-6.72008,7.60235,7.29547,6.45876,-0.348933,-0.373847,-11212,12684,12172,10776,2619,2806
643, 626,-6.63857,7.57118,7.39377,6.5139,-0.339873,-0.366786,-11076,12632,12336,10868,2551,2753
644, 625,-6.63377,7.73181,7.24273,6.59302,-0.329614,-0.36119,-11068,12900,12084,11000,2474,2711
645, 616,-6.91667,7.43932,7.35062,6.21182,-0.322953,-0.346934,-11540,12412,12264,10364,2424,2604
646, 615,-6.73447,7.50405,7.24033,6.53308,-0.310029,-0.339873,-11236,12520,12080,10900,2327,2551
647, 613,-6.43718,7.9284,7.71503,6.30532,-0.298571,-0.324951,-10740,13228,12872,10520,2241,2439
648, 613,-6.80639,7.70064,7.43453,6.06558,-0.285781,-0.311761,-11356,12848,12404,10120,2145,2340
649, 605,-6.31731,7.82531,7.50405,6.55226,-0.270326,-0.297772,-10540,13056,12520,10932,2029,2235
650, 601,-6.49472,7.78216,7.68626,6.15668,-0.259268,-0.282583,-10836,12984,12824,10272,1946,2121
651, 602,-6.07756,7.91642,7.552,6.4204,-0.242081,-0.264198,-10140,13208,12600,10712,1817,1983
652, 600,-6.66494,7.91162,7.72702,5.97447,-0.222896,-0.248609,-11120,13200,12892,9968,1673,1866
653, 594,-6.59302,7.79175,7.4609,6.09435,-0.206109,-0.236485,-11000,13000,12448,10168,1547,1775
654, 593,-6.26457,7.92361,7.97875,6.13031,-0.192119,-0.212371,-10452,13220,13312,10228,1442,1594
655, 593,-6.3269,7.97156,7.739,6.31731,-0.167472,-0.195583,-10556,13300,12912,10540,1257,1468
656, 592,-6.39643,8.01951,7.86367,5.86179,-0.149485,-0.172801,-10672,13380,13120,9780,1122,1297
657, 586,-5.99125,7.8373,7.46569,6.60261,-0.128302,-0.151884,-9996,13076,12456,11016,963,1140
658, 586,-6.64576,7.96916,8.06506,5.50217,-0.109916,-0.132832,-11088,13296,13456,9180,825,997
659, 584,-5.81145,8.1202,7.65989,6.24059,-0.0834028,-0.111248,-9696,13548,12780,10412,626,835
660, 584,-6.42999,7.79415,7.81093,6.03681,-0.0668821,-0.0872665,-10728,13004,13032,10072,502,655
661, 584,-6.09435,8.06506,7.69345,6.12312,-0.0444992,-0.0711455,-10168,13456,12836,10216,334,534
662, 582,-6.5115,7.7438,7.99313,5.91933,-0.0314426,-0.0519602,-10864,12920,13336,9876,236,390
663, 584,-5.91693,8.30001,7.73181,6.15188,-0.00759418,-0.0310429,-9872,13848,12900,10264,57,233
664, 583,-6.46835,7.89484,7.78935,6.05599,0.00999234,-0.0102588,-10792,13172,12996,10104,-75,77
665, 583,-5.94331,8.04348,7.72702,6.16387,0.0277121,0.00479632,-9916,13420,12892,10284,-208,-36
666, 586,-6.24059,7.90203,7.74859,6.00324,0.0402358,0.0141225,-10412,13184,12928,10016,-302,-106
667, 580,-6.24299,7.93799,7.74859,6.10394,0.0499617,0.0274456,-10416,13244,12928,10184,-375,-206
668, 582,-6.4228,7.85168,7.54481,5.97687,0.0630184,0.037438,-10716,13100,12588,9972,-473,-281
669, 582,-6.16147,8.01951,7.64071,6.25977,0.0791394,0.0538254,-10280,13380,12748,10444,-594,-404
670, 584,-6.47314,7.81333,7.58077,6.3221,0.093928,0.0670153,-10800,13036,12648,10548,-705,-503
671, 584,-6.49952,7.77497,7.78935,6.25977,0.0981914,0.0742098,-10844,12972,12996,10444,-737,-557
672, 585,-6.29094,7.77257,7.60475,6.13031,0.112447,0.0907305,-10496,12968,12688,10228,-844,-681
673, 589,-6.31491,7.89484,7.6527,6.09674,0.123106,0.0957933,-10536,13172,12768,10172,-924,-719
674, 584,-6.56665,7.7438,7.43213,6.34848,0.12657,0.102188,-10956,12920,12400,10592,-950,-767
675, 589,-6.55706,7.79415,7.54001,6.24059,0.127769,0.111115,-10940,13004,12580,10412,-959,-834
676, 588,-6.50911,7.8325,7.42733,6.23819,0.137495,0.111115,-10860,13068,12392,10408,-1032,-834
677, 593,-6.36286,7.80134,7.50885,6.25737,0.147753,0.118842,-10616,13016,12528,10440,-1109,-892
678, 594,-6.55466,7.69105,7.37699,6.4228,0.141891,0.115511,-10936,12832,12308,10716,-1065,-867
679, 593,-6.58822,7.79415,7.35062,6.35087,0.145489,0.116577,-10992,13004,12264,10596,-1092,-875
680, 593,-6.5163,7.7438,7.47049,6.28614,0.142424,0.119109,-10872,12920,12464,10488,-1069,-894
681, 596,-6.50431,7.77017,7.4609,6.31491,0.149219,0.125904,-10852,12964,12448,10536,-1120,-945
682, 598,-6.58583,7.71263,7.51604,6.41321,0.152417,0.131766,-10988,12868,12540,10700,-1144,-989
683, 596,-6.64816,7.74859,7.40336,6.41561,0.153349,0.128435,-11092,12928,12352,10704,-1151,-964
684, 597,-6.61939,7.76777,7.4561,6.40841,0.152816,0.129634,-11044,12960,12440,10692,-1147,-973
685, 600,-6.64816,7.69105,7.37459,6.45876,0.156413,0.1307,-11092,12832,12304,10776,-1174,-981
686, 603,-6.76084,7.59036,7.35541,6.5187,0.150951,0.12577,-11280,12664,12272,10876,-1133,-944
687, 603,-6.77283,7.67427,7.30027,6.52589,0.145755,0.121773,-11300,12804,12180,10888,-1094,-914
688, 602,-6.75844,7.59036,7.31705,6.53788,0.143757,0.115112,-11276,12664,12208,10908,-1079,-864
689, 607,-6.72728,7.54481,7.31465,6.55466,0.133364,0.110582,-11224,12588,12204,10936,-1001,-830
690, 608,-6.83996,7.58077,7.19238,6.56185,0.127636,0.100323,-11412,12648,12000,10948,-958,-753
691, 608,-6.82078,7.5496,7.19478,6.55945,0.118043,0.0881991,-11380,12596,12004,10944,-886,-662
692, 607,-6.78721,7.54721,7.31226,6.58103,0.106718,0.0828698,-11324,12592,12200,10980,-801,-622
693, 609,-6.76324,7.58796,7.34342,6.48993,0.105386,0.0776738,-11284,12660,12252,10828,-791,-583
694, 611,-6.76803,7.59036,7.22355,6.62179,0.099124,0.0700796,-11292,12664,12052,11048,-744,-526
695, 611,-6.8975,7.48487,7.13245,6.6098,0.0872665,0.0644839,-11508,12488,11900,11028,-655,-484
696, 612,-6.85194,7.59036,7.32424,6.61939,0.0832695,0.0567565,-11432,12664,12220,11044,-625,-426
697, 613,-6.76563,7.552,7.26431,6.55706,0.0804717,0.0575559,-11288,12600,12120,10940,-604,-432
698, 613,-6.84475,7.49446,7.2667,6.67213,0.0782067,0.0515605,-11420,12504,12124,11132,-587,-387
699, 614,-6.84475,7.57837,7.25232,6.58103,0.0719449,0.0448989,-11420,12644,12100,10980,-540,-337
700, 613,-6.88791,7.59276,7.19478,6.55945,0.0628851,0.0406355,-11492,12668,12004,10944,-472,-305
701, 617,-6.83756,7.53762,7.23314,6.55466,0.0638178,0.035173,-11408,12576,12068,10936,-479,-264
702, 615,-6.85914,7.58796,7.16601,6.62179,0.0563568,0.0314426,-11444,12660,11956,11048,-423,-236
703, 615,-6.75365,7.49686,7.33144,6.50911,0.0598208,0.0318423,-11268,12508,12232,10860,-449,-239
704, 618,-6.76084,7.56639,7.32664,6.53308,0.0586217,0.0319755,-11280,12624,12224,10900,-440,-240
705, 618,-6.78961,7.58077,7.19958,6.55466,0.058755,0.0323752,-11328,12648,12012,10936,-441,-243
706, 618,-6.77283,7.57118,7.2667,6.64336,0.0595544,0.0343737,-11300,12632,12124,11084,-447,-258
707, 617,-6.76803,7.52803,7.20917,6.58103,0.053026,0.0311761,-11292,12560,12028,10980,-398,-234
708, 620,-6.79201,7.56159,7.30986,6.55945,0.057023,0.0289112,-11332,12616,12196,10944,-428,-217
709, 619,-6.84475,7.52323,7.18999,6.63138,0.0528928,0.0277121,-11420,12552,11996,11064,-397,-208
710, 619,-6.87352,7.5568,7.20197,6.58343,0.0523599,0.0250475,-11468,12608,12016,10984,-393,-188
711, 620,-6.77043,7.59995,7.24273,6.56425,0.0450322,0.0198515,-11296,12680,12084,10952,-338,-149
712, 618,-6.80399,7.58557,7.32185,6.57384,0.0466309,0.0190521,-11352,12656,12216,10968,-350,-143
713, 623,-6.63377,7.57837,7.35062,6.50671,0.0482297,0.0237152,-11068,12644,12264,10856,-362,-178
714, 620,-6.87832,7.49926,7.06052,6.65295,0.0456983,0.0171868,-11476,12512,11780,11100,-343,-129
715, 620,-6.84715,7.54721,7.38418,6.48753,0.0459648,0.0211838,-11424,12592,12320,10824,-345,-159
716, 623,-6.77522,7.5544,7.14683,6.55226,0.0423675,0.0159877,-11304,12604,11924,10932,-318,-120
717, 621,-6.83276,7.49926,7.12765,6.56665,0.0447657,0.0154548,-11400,12512,11892,10956,-336,-116
718, 621,-6.83996,7.53282,7.39617,6.56425,0.0419678,0.019585,-11412,12568,12340,10952,-315,-147
719, 622,-6.74885,7.53282,7.30746,6.62658,0.0431669,0.0194518,-11260,12568,12192,11056,-324,-146
720, 622,-6.78481,7.52803,7.32664,6.57384,0.0451654,0.0222496,-11320,12560,12224,10968,-339,-167
721, 624,-6.8927,7.51844,7.23074,6.60261,0.0410352,0.0194518,-11500,12544,12064,11016,-308,-146
722, 624,-6.76324,7.49207,7.22595,6.60261,0.0476968,0.0215835,-11284,12500,12056,11016,-358,-162
723, 623,-6.72488,7.48248,7.19238,6.56904,0.0456983,0.0191853,-11220,12484,12000,10960,-343,-144
724, 622,-6.91907,7.52323,7.13724,6.62418,0.0423675,0.0146554,-11544,12552,11908,11052,-318,-110
725, 624,-6.78242,7.54721,7.28349,6.66734,0.0463645,0.0155881,-11316,12592,12152,11124,-348,-117
726, 624,-6.74166,7.56878,7.24992,6.57384,0.0494288,0.0211838,-11248,12628,12096,10968,-371,-159
727, 624,-6.86873,7.5496,7.37219,6.53548,0.04783,0.0233155,-11460,12596,12300,10904,-359,-175
728, 626,-6.92866,7.51604,7.15402,6.56665,0.046098,0.0203844,-11560,12540,11936,10956,-346,-153
729, 627,-6.81358,7.5496,7.14683,6.72488,0.0454319,0.0202511,-11368,12596,11924,11220,-341,-152
730, 625,-6.82317,7.45371,7.26431,6.59302,0.0458315,0.0198515,-11384,12436,12120,11000,-344,-149
731, 627,-6.68172,7.62872,7.33144,6.68892,0.0454319,0.0187856,-11148,12728,12232,11160,-341,-141
732, 625,-6.75125,7.50405,7.20677,6.55466,0.0467642,0.021317,-11264,12520,12024,10936,-351,-160
733, 626,-6.77522,7.59036,7.13484,6.6074,0.0498285,0.0238484,-11304,12664,11904,11024,-374,-179
734, 627,-6.88791,7.51364,7.178,6.60021,0.0516937,0.0269127,-11492,12536,11976,11012,-388,-202
735, 628,-6.83516,7.5568,7.16122,6.62898,0.0520934,0.0286447,-11404,12608,11948,11060,-391,-215
736, 625,-6.85434,7.51125,7.15882,6.61939,0.0524931,0.0258469,-11436,12532,11944,11044,-394,-194
737, 627,-6.91667,7.53762,7.31945,6.52829,0.0496953,0.0221164,-11540,12576,12212,10892,-373,-166
738, 628,-6.72488,7.552,7.12525,6.68172,0.053026,0.0291776,-11220,12600,11888,11148,-398,-219
739, 627,-6.90469,7.40096,7.29308,6.64576,0.0600873,0.0315758,-11520,12348,12168,11088,-451,-237
740, 627,-6.73926,7.58317,7.21636,6.78242,0.058755,0.0309096,-11244,12652,12040,11316,-441,-232
741, 629,-6.97661,7.45371,7.23074,6.66254,0.058755,0.0335743,-11640,12436,12064,11116,-441,-252
742, 630,-6.77522,7.56159,7.05333,6.64097,0.0616861,0.0330413,-11304,12616,11768,11080,-463,-248
743, 631,-6.86393,7.49446,7.16841,6.62179,0.0588882,0.0319755,-11452,12504,11960,11048,-442,-240
744, 630,-6.78481,7.57837,7.14204,6.65775,0.0584885,0.0310429,-11320,12644,11916,11108,-439,-233
745, 631,-6.84955,7.43453,7.2691,6.55466,0.0607534,0.0347734,-11428,12404,12128,10936,-456,-261
746, 631,-6.81119,7.62632,7.15163,6.69131,0.0619525,0.0333078,-11364,12724,11932,11164,-465,-250
747, 631,-6.93585,7.46809,7.33383,6.50671,0.0596876,0.03917,-11572,12460,12236,10856,-448,-294
748, 632,-6.6074,7.62393,7.27629,6.605,0.0687473,0.0479632,-11024,12720,12140,11020,-516,-360
749, 636,-6.7944,7.60475,7.41535,6.46355,0.0854012,0.0642175,-11336,12688,12372,10784,-641,-482
750, 636,-6.56185,7.77497,7.51125,6.40362,0.113779,0.0960597,-10948,12972,12532,10684,-854,-721
751, 633,-6.55466,7.75339,7.62872,6.35807,0.148686,0.129234,-10936,12936,12728,10608,-1116,-970
752, 636,-6.23819,7.90443,7.78216,6.21662,0.188922,0.174266,-10408,13188,12984,10372,-1418,-1308
753, 641,-6.21422,7.90443,7.71743,6.34128,0.241149,0.224894,-10368,13188,12876,10580,-1810,-1688
754, 638,-6.35807,7.90922,7.81333,6.2286,0.295374,0.282983,-10608,13196,13036,10392,-2217,-2124
755, 640,-6.27176,7.85168,7.81333,6.17346,0.351064,0.33894,-10464,13100,13036,10300,-2635,-2544
756, 643,-6.34128,7.91642,7.68626,6.33409,0.401692,0.389968,-10580,13208,12824,10568,-3015,-2927
757, 651,-6.58103,7.76538,7.63352,6.29094,0.447257,0.432602,-10980,12956,12736,10496,-3357,-3247
758, 654,-6.78961,7.25711,7.04374,6.80639,0.476968,0.457783,-11328,12108,11752,11356,-3580,-3436
759, 653,-7.09169,7.22355,6.73447,7.02696,0.477767,0.454585,-11832,12052,11236,11724,-3586,-3412
760, 655,-7.40096,6.98141,6.53788,7.19718,0.458182,0.432069,-12348,11648,10908,12008,-3439,-3243
761, 662,-7.37938,7.01018,6.48513,7.15163,0.435666,0.406222,-12312,11696,10820,11932,-3270,-3049
762, 668,-7.76538,6.69851,6.09435,7.49686,0.399694,0.366119,-12956,11176,10168,12508,-3000,-2748
763, 667,-8.06746,6.69371,6.25018,7.54481,0.346801,0.31336,-13460,11168,10428,12588,-2603,-2352
764, 669,-7.83011,6.60261,6.2286,7.41295,0.296706,0.262732,-13064,11016,10392,12368,-2227,-1972
765, 678,-7.77257,6.75604,6.30292,7.36979,0.247943,0.215302,-12968,11272,10516,12296,-1861,-1616
766, 678,-7.84689,6.64816,6.08715,7.51364,0.209173,0.174666,-13092,11092,10156,12536,-1570,-1311
767, 685,-7.99553,6.67933,6.20223,7.5568,0.164541,0.131632,-13340,11144,10348,12608,-1235,-988
768, 685,-8.16096,6.52109,5.96249,7.62393,0.112314,0.074876,-13616,10880,9948,12720,-843,-562
769, 687,-8.0291,6.61699,6.1351,7.63831,0.0562236,0.0199847,-13396,11040,10236,12744,-422,-150
770, 688,-7.87806,6.65775,6.29333,7.53762,0.0114579,-0.0258469,-13144,11108,10500,12576,-86,194
771, 688,-7.82531,6.66734,6.27655,7.54001,-0.032242,-0.0666156,-13056,11124,10472,12580,242,500
772, 688,-7.85888,6.7081,6.15428,7.41055,-0.0672818,-0.102188,-13112,11192,10268,12364,505,767
773, 683,-7.68146,6.88071,6.67933,7.18759,-0.0977917,-0.1303,-12816,11480,11144,11992,734,978
774, 686,-7.71982,6.82797,6.61939,7.1756,-0.128701,-0.157479,-12880,11392,11044,11972,966,1182
775, 682,-7.72702,6.76563,6.3245,7.48008,-0.152816,-0.189721,-12892,11288,10552,12480,1147,1424
776, 685,-7.67188,6.80879,6.69851,7.19718,-0.18306,-0.213037,-12800,11360,11176,12008,1374,1599
777, 676,-7.65989,6.76084,6.42999,7.47289,-0.215435,-0.24741,-12780,11280,10728,12468,1617,1857
778, 673,-7.61434,7.16601,7.11087,6.78721,-0.235153,-0.263665,-12704,11956,11864,11324,1765,1979
779, 672,-7.45371,7.03655,6.44917,7.19958,-0.247677,-0.278853,-12436,11740,10760,12012,1859,2093
780, 672,-7.2667,7.08689,6.78961,6.9862,-0.254338,-0.289645,-12124,11824,11328,11656,1909,2174
781, 664,-7.42254,7.02216,6.75604,6.91428,-0.270859,-0.302168,-12384,11716,11272,11536,2033,2268
782, 663,-6.9862,7.30267,6.97901,6.99339,-0.278054,-0.305766,-11656,12184,11644,11668,2087,2295
783, 660,-7.24513,7.07011,6.77522,6.95024,-0.281917,-0.308963,-12088,11796,11304,11596,2116,2319
784, 663,-7.24752,7.32185,6.92147,6.78481,-0.282583,-0.318423,-12092,12216,11548,11320,2121,2390
785, 660,-7.11327,7.09648,6.64097,7.02696,-0.293775,-0.324551,-11868,11840,11080,11724,2205,2436
786, 656,-7.10607,7.41295,6.99339,6.85914,-0.306698,-0.333345,-11856,12368,11668,11444,2302,2502
787, 655,-7.16361,7.12765,6.65775,6.77762,-0.311495,-0.339473,-11952,11892,11108,11308,2338,2548
788, 656,-6.94784,7.47768,6.92866,6.93346,-0.31789,-0.350132,-11592,12476,11560,11568,2386,2628
789, 647,-7.2667,7.12046,6.87592,6.8951,-0.328948,-0.361723,-12124,11880,11472,11504,2469,2715
790, 643,-6.85914,7.47528,7.34822,6.71289,-0.334943,-0.36159,-11444,12472,12260,11200,2514,2714
791, 642,-7.29068,7.19958,6.8016,6.71769,-0.334677,-0.366119,-12164,12012,11348,11208,2512,2748
792, 641,-6.7944,7.58796,7.35062,6.75365,-0.329747,-0.362655,-11336,12660,12264,11268,2475,2722
793, 632,-6.97182,7.3674,6.84235,6.99579,-0.332412,-0.359724,-11632,12292,11416,11672,2495,2700
794, 630,-6.68892,7.6527,7.60714,6.2358,-0.33028,-0.35706,-11160,12768,12692,10404,2479,2680
795, 630,-6.73687,7.64311,7.47528,6.37005,-0.321887,-0.349332,-11240,12752,12472,10628,2416,2622
796, 628,-6.59542,7.62872,7.34342,6.56665,-0.310162,-0.336675,-11004,12728,12252,10956,2328,2527
797, 619,-6.99339,7.56878,7.33863,6.44198,-0.301636,-0.329081,-11668,12628,12244,10748,2264,2470
798, 617,-6.58343,7.89004,7.69585,6.16387,-0.295907,-0.318956,-10984,13164,12840,10284,2221,2394
799, 619,-6.41561,7.67188,7.47528,6.38684,-0.281917,-0.307897,-10704,12800,12472,10656,2116,2311
800, 618,-6.74406,7.67188,7.23074,6.59542,-0.269127,-0.294708,-11252,12800,12064,11004,2020,2212
801, 606,-6.71529,7.76538,7.73181,6.15668,-0.259002,-0.286447,-11204,12956,12900,10272,1944,2150
802, 600,-5.92173,8.125,7.64071,6.49232,-0.240083,-0.265397,-9880,13556,12748,10832,1802,1992
803, 604,-6.80879,7.55919,7.76298,5.55492,-0.2177,-0.238884,-11360,12612,12952,9268,1634,1793
804, 601,-5.87618,8.32638,7.66708,6.52109,-0.183459,-0.207974,-9804,13892,12792,10880,1377,1561
805, 599,-6.7033,7.59036,7.6479,5.96488,-0.158545,-0.186257,-11184,12664,12760,9952,1190,1398
806, 598,-6.15668,8.10821,7.35301,6.60021,-0.140026,-0.16987,-10272,13528,12268,11012,1051,1275
807, 597,-6.73207,7.78216,8.13698,5.73473,-0.122839,-0.140692,-11232,12984,13576,9568,922,1056
808, 599,-5.87138,8.0243,7.68146,6.34368,-0.0999234,-0.125504,-9796,13388,12816,10584,750,942
809, 594,-6.38444,7.79175,7.72462,6.24539,-0.0832695,-0.107784,-10652,13000,12888,10420,625,809
810, 593,-6.48993,7.89004,7.64071,6.1399,-0.0702129,-0.090464,-10828,13164,12748,10244,527,679
811, 593,-6.26696,7.78935,7.71023,6.16867,-0.0508943,-0.077807,-10456,12996,12864,10292,382,584
812, 592,-6.43479,7.79654,7.76538,6.1375,-0.0345069,-0.0631516,-10736,13008,12956,10240,259,474
813, 591,-6.37485,8.05067,7.63352,6.19504,-0.0226493,-0.0492956,-10636,13432,12736,10336,170,370
814, 590,-6.38444,7.90203,7.68626,6.21182,-0.00732772,-0.0301103,-10652,13184,12824,10364,55,226
815, 591,-6.39163,7.91642,7.82771,6.03441,0.00586217,-0.0154548,-10664,13208,13060,10068,-44,116
816, 591,-6.45157,7.87806,7.46569,6.30053,0.0229158,-0.00133231,-10764,13144,12456,10512,-172,10
817, 591,-6.53788,7.73421,7.56399,6.19983,0.0341072,0.00799387,-10908,12904,12620,10344,-256,-60
818, 593,-6.25737,7.98594,7.37938,6.27655,0.0438331,0.0211838,-10440,13324,12312,10472,-329,-159
819, 590,-6.54267,7.73181,7.65749,6.1351,0.0508943,0.0262466,-10916,12900,12776,10236,-382,-197
820, 595,-6.44198,7.87326,7.53282,6.3221,0.0594211,0.0335743,-10748,13136,12568,10548,-446,-252
821, 593,-6.56665,7.65509,7.35541,6.41321,0.0667489,0.0394364,-10956,12772,12272,10700,-501,-296
822, 593,-6.52109,7.90203,7.54481,6.27655,0.0628851,0.0410352,-10880,13184,12588,10472,-472,-308
823, 596,-6.44198,7.80134,7.44651,6.28375,0.0747427,0.0475636,-10748,13016,12424,10484,-561,-357
824, 595,-6.54986,7.82292,7.51604,6.30772,0.0812711,0.05649,-10928,13052,12540,10524,-610,-424
825, 597,-6.55945,7.71743,7.49686,6.33889,0.0868668,0.0619525,-10944,12876,12508,10576,-652,-465
826, 598,-6.50911,7.76538,7.4609,6.40122,0.0879326,0.0648836,-10860,12956,12448,10680,-660,-487
827, 596,-6.61939,7.70784,7.42494,6.33649,0.0846018,0.0634181,-11044,12860,12388,10572,-635,-476
828, 599,-6.53548,7.77976,7.46809,6.35567,0.0893982,0.0663492,-10904,12980,12460,10604,-671,-498
829, 598,-6.67453,7.72222,7.33863,6.39403,0.088732,0.0648836,-11136,12884,12244,10668,-666,-487
830, 598,-6.55466,7.69825,7.51125,6.37485,0.0929954,0.0680812,-10936,12844,12532,10636,-698,-511
831, 599,-6.47314,7.7414,7.40576,6.33649,0.097392,0.0700796,-10800,12916,12356,10572,-731,-526
832, 599,-6.66254,7.72941,7.37459,6.37005,0.103654,0.0796723,-11116,12896,12304,10628,-778,-598
833, 600,-6.68892,7.71743,7.46809,6.39882,0.104187,0.07834,-11160,12876,12460,10676,-782,-588
834, 600,-6.71289,7.66948,7.42494,6.41321,0.107118,0.0820704,-11200,12796,12388,10700,-804,-616
835, 599,-6.65775,7.66708,7.42254,6.42999,0.103654,0.0774074,-11108,12792,12384,10728,-778,-581
836, 601,-6.64576,7.67188,7.38897,6.4228,0.102188,0.077807,-11088,12800,12328,10716,-767,-584
837, 603,-6.67453,7.57118,7.41295,6.49472,0.106985,0.0784732,-11136,12632,12368,10836,-803,-589
838, 606,-6.75125,7.59276,7.33623,6.53308,0.0999234,0.0735436,-11264,12668,12240,10900,-750,-552
839, 605,-6.75125,7.57837,7.28588,6.52829,0.0959265,0.067415,-11264,12644,12156,10892,-720,-506
840, 606,-6.73207,7.59516,7.33144,6.48034,0.0859342,0.0606202,-11232,12672,12232,10812,-645,-455
841, 608,-6.78481,7.57358,7.37219,6.48273,0.0823369,0.0556907,-11320,12636,12300,10816,-618,-418
842, 609,-6.7944,7.62393,7.28828,6.50191,0.0782067,0.0539587,-11336,12720,12160,10848,-587,-405
843, 607,-6.75125,7.54001,7.31705,6.54986,0.0764747,0.0522266,-11264,12580,12208,10928,-574,-392
844, 604,-6.74646,7.61194,7.30506,6.54747,0.0715452,0.0438331,-11256,12700,12188,10924,-537,-329
845, 609,-6.73447,7.6479,7.30506,6.48273,0.0644839,0.0407688,-11236,12760,12188,10816,-484,-306
846, 613,-6.75365,7.54721,7.21875,6.52589,0.0628851,0.0354395,-11268,12592,12044,10888,-472,-266
847, 607,-6.84235,7.49926,7.20437,6.53548,0.0575559,0.0302435,-11416,12512,12020,10904,-432,-227
848, 611,-6.71529,7.60475,7.34582,6.44437,0.0523599,0.0253139,-11204,12688,12256,10752,-393,-190
849, 609,-6.85914,7.51844,7.20677,6.54267,0.0455651,0.0221164,-11444,12544,12024,10916,-342,-166
850, 611,-6.7968,7.64071,7.39377,6.47314,0.0474303,0.0185191,-11340,12748,12336,10800,-356,-139
851, 609,-6.65535,7.6527,7.30027,6.47075,0.0462312,0.0209173,-11104,12768,12180,10796,-347,-157
852, 609,-6.78961,7.58557,7.31465,6.5115,0.0462312,0.0211838,-11328,12656,12204,10864,-347,-159
853, 613,-6.63138,7.69585,7.29547,6.39403,0.051827,0.023049,-11064,12840,12172,10668,-389,-173
854, 613,-6.82557,7.60714,7.23074,6.5139,0.0482297,0.0209173,-11388,12692,12064,10868,-362,-157
855, 612,-6.73207,7.58557,7.28828,6.47794,0.0456983,0.0199847,-11232,12656,12160,10808,-343,-150
856, 612,-6.69611,7.67907,7.40096,6.53308,0.0467642,0.0186524,-11172,12812,12348,10900,-351,-140
857, 612,-6.72008,7.55919,7.29787,6.46835,0.0436998,0.0177198,-11212,12612,12176,10792,-328,-133
858, 613,-6.59781,7.72222,7.48727,6.45396,0.0520934,0.0273124,-11008,12884,12492,10768,-391,-205
859, 612,-6.77762,7.60235,7.31945,6.50191,0.0543583,0.0298438,-11308,12684,12212,10848,-408,-224
860, 612,-6.65295,7.76777,7.48727,6.40362,0.0652833,0.0375712,-11100,12960,12492,10684,-490,-282
861, 614,-6.72008,7.66948,7.48008,6.45876,0.0682144,0.0468974,-11212,12796,12480,10776,-512,-352
862, 614,-6.82797,7.53522,7.19238,6.63617,0.0659495,0.0442328,-11392,12572,12000,11072,-495,-332
863, 617,-6.71529,7.6479,7.42494,6.39643,0.074876,0.0496953,-11204,12760,12388,10672,-562,-373
864, 614,-6.86633,7.58077,7.27869,6.59781,0.070879,0.0470306,-11456,12648,12144,11008,-532,-353
865, 617,-6.76803,7.61194,7.29547,6.52589,0.0770077,0.0486294,-11292,12700,12172,10888,-578,-365
866, 620,-6.66254,7.62153,7.28349,6.53308,0.0806049,0.0566233,-11116,12716,12152,10900,-605,-425
867, 619,-6.77283,7.5496,7.29787,6.52109,0.0786064,0.0523599,-11300,12596,12176,10880,-590,-393
868, 616,-6.8951,7.54001,7.22115,6.63138,0.0763415,0.0579556,-11504,12580,12048,11064,-573,-435
869, 619,-6.61699,7.72462,7.35541,6.42759,0.0830031,0.05649,-11040,12888,12272,10724,-623,-424
870, 615,-6.7944,7.58557,7.22595,6.57863,0.0859342,0.0612864,-11336,12656,12056,10976,-645,-460
871, 621,-6.65295,7.71743,7.48008,6.42999,0.0911302,0.0687473,-11100,12876,12480,10728,-684,-516
872, 622,-6.85194,7.46569,7.16122,6.62418,0.0952603,0.0740766,-11432,12456,11948,11052,-715,-556
873, 624,-6.92626,7.5568,7.21396,6.63377,0.0937948,0.0688806,-11556,12608,12036,11068,-704,-517
874, 620,-6.90708,7.48248,7.13724,6.6074,0.0919296,0.062219,-11524,12484,11908,11024,-690,-467
875, 624,-6.605,7.58317,7.32664,6.58343,0.0925957,0.0686141,-11020,12652,12224,10984,-695,-515
876, 620,-6.76084,7.55919,7.32904,6.48993,0.0984579,0.0764747,-11280,12612,12228,10828,-739,-574
877, 624,-6.72967,7.59755,7.33383,6.49952,0.103254,0.0803384,-11228,12676,12236,10844,-775,-603
878, 627,-6.86873,7.54241,7.20197,6.6098,0.105119,0.0776738,-11460,12584,12016,11028,-789,-583
879, 625,-6.82078,7.49446,7.25232,6.56665,0.106985,0.0814043,-11380,12504,12100,10956,-803,-611
880, 628,-6.7992,7.4561,7.19718,6.48993,0.106452,0.0790061,-11344,12440,12008,10828,-799,-593
881, 630,-6.87592,7.47528,7.16361,6.65535,0.105786,0.080072,-11472,12472,11952,11104,-794,-601
882, 631,-6.94305,7.42733,7.2691,6.58822,0.104853,0.0767412,-11584,12392,12128,10992,-787,-576
883, 630,-6.991,7.50405,7.19958,6.72248,0.100057,0.070879,-11664,12520,12012,11216,-751,-532
884, 631,-7.03895,7.37219,7.22834,6.72728,0.0955268,0.0694135,-11744,12300,12060,11224,-717,-521
885, 633,-7.00778,7.45371,7.23793,6.58822,0.0937948,0.0672818,-11692,12436,12076,10992,-704,-505
886, 633,-6.81358,7.42733,7.02696,6.87592,0.0925957,0.0652833,-11368,12392,11724,11472,-695,-490
887, 635,-7.05333,7.41535,7.13005,6.59302,0.0897979,0.0594211,-11768,12372,11896,11000,-674,-446
888, 634,-6.81598,7.38897,6.97421,6.92866,0.0807381,0.055291,-11372,12328,11636,11560,-606,-415
889, 636,-6.97901,7.47528,7.21396,6.62898,0.0787397,0.0522266,-11644,12472,12036,11060,-591,-392
890, 635,-7.02456,7.40336,6.94544,6.92147,0.0698132,0.0454319,-11720,12352,11588,11548,-524,-341
891, 636,-6.90469,7.41295,7.24752,6.62898,0.0682144,0.0403691,-11520,12368,12092,11060,-512,-303
892, 635,-6.91188,7.34822,7.0797,6.80639,0.0636845,0.0346401,-11532,12260,11812,11356,-478,-260
893, 637,-6.91667,7.43692,7.30027,6.74646,0.0596876,0.0338407,-11540,12408,12180,11256,-448,-254
894, 637,-6.97421,7.49926,7.04374,6.7968,0.0586217,0.0303767,-11636,12512,11752,11340,-440,-228
895, 639,-7.0845,7.35541,7.01018,6.71049,0.0511608,0.0245145,-11820,12272,11696,11196,-384,-184
896, 638,-7.09169,7.30986,6.91907,6.86393,0.0475636,0.0177198,-11832,12196,11544,11452,-357,-133
897, 638,-6.991,7.50645,7.16601,6.75604,0.0431669,0.016121,-11664,12524,11956,11272,-324,-121
898, 638,-6.97182,7.34103,6.97661,6.8016,0.0366386,0.0135896,-11632,12248,11640,11348,-275,-102
899, 638,-7.02216,7.48008,7.07251,6.77043,0.0337075,0.00959265,-11716,12480,11800,11296,-253,-72
900, 639,-6.92147,7.30506,7.06532,6.76803,0.0310429,0.00826034,-11548,12188,11788,11292,-233,-62
901, 638,-7.07011,7.32185,7.03655,6.75844,0.0245145,0.00359724,-11796,12216,11740,11276,-184,-27
902, 639,-6.8951,7.4585,7.13245,6.73926,0.0293109,0.000666156,-11504,12444,11900,11244,-220,-5
903, 639,-6.97182,7.43932,7.15163,6.67693,0.0283783,0.00346401,-11632,12412,11932,11140,-213,-26
904, 641,-7.01018,7.47528,7.07491,6.71049,0.0258469,0.0021317,-11696,12472,11804,11196,-194,-16
905, 640,-7.04374,7.40576,7.06771,6.75604,0.0279786,0.0021317,-11752,12356,11792,11272,-210,-16
906, 635,-7.02216,7.4561,7.03415,6.79201,0.0210505,-0.00359724,-11716,12440,11736,11332,-158,27
907, 640,-6.88791,7.48487,7.26191,6.67693,0.0243813,-0.00119908,-11492,12488,12116,11140,-183,9
908, 640,-6.991,7.35781,7.05333,6.78002,0.0258469,-0.00346401,-11664,12276,11768,11312,-194,26
909, 640,-7.03655,7.40096,7.13484,6.68172,0.0225161,-0.00186524,-11740,12348,11904,11148,-169,14
910, 642,-6.95264,7.4609,6.97182,6.69851,0.0198515,-0.00519602,-11600,12448,11632,11176,-149,39
911, 642,-7.15402,7.2667,6.99579,6.86393,0.0170536,-0.00999234,-11936,12124,11672,11452,-128,75
912, 639,-7.05573,7.39377,7.13724,6.65535,0.0153216,-0.0129234,-11772,12336,11908,11104,-115,97
913, 639,-6.86153,7.50405,7.12046,6.7081,0.00945942,-0.0166539,-11448,12520,11880,11192,-71,125
914, 641,-7.04134,7.37938,7.08689,6.64336,0.00892649,-0.0142557,-11748,12312,11824,11084,-67,107
915, 639,-7.01257,7.30746,6.95024,6.81598,0.0114579,-0.0141225,-11700,12192,11596,11372,-86,106
916, 640,-6.84955,7.50645,7.15882,6.64816,0.00945942,-0.0145222,-11428,12524,11944,11092,-71,109
917, 640,-6.98141,7.43692,7.13724,6.72248,0.0127902,-0.0131899,-11648,12408,11908,11216,-96,99
918, 640,-6.96223,7.48967,7.20437,6.66494,0.014389,-0.010925,-11616,12496,12020,11120,-108,82
919, 642,-7.07251,7.30027,7.00778,6.74885,0.0127902,-0.0139893,-11800,12180,11692,11260,-96,105
920, 642,-7.04374,7.37219,7.03175,6.76563,0.0141225,-0.0167871,-11752,12300,11732,11288,-106,126
921, 641,-6.95503,7.48727,7.14204,6.77522,0.00799387,-0.0149219,-11604,12492,11916,11304,-60,112
922, 640,-7.01977,7.41535,7.07491,6.67453,0.00879326,-0.0217167,-11712,12372,11804,11136,-66,163
923, 639,-6.96223,7.48248,7.12765,6.71529,0.010392,-0.0193185,-11616,12484,11892,11204,-78,145
924, 639,-6.991,7.43692,7.13005,6.71289,0.00985911,-0.0158545,-11664,12408,11896,11200,-74,119
925, 639,-6.95503,7.51604,7.15882,6.7033,0.0115911,-0.0127902,-11604,12540,11944,11184,-87,96
926, 641,-6.94544,7.40815,7.13964,6.72967,0.0133231,-0.00839357,-11588,12360,11912,11228,-100,63
927, 639,-6.90948,7.44891,7.0797,6.76084,0.0153216,-0.0129234,-11528,12428,11812,11280,-115,97
928, 639,-7.00059,7.42494,7.24752,6.63138,0.0171868,-0.00786064,-11680,12388,12092,11064,-129,59
929, 640,-6.95503,7.37219,7.06052,6.78002,0.0163874,-0.0106585,-11604,12300,11780,11312,-123,80
930, 642,-6.88311,7.49207,7.18279,6.76803,0.0189188,-0.00959265,-11484,12500,11984,11292,-142,72
931, 640,-7.05333,7.35781,7.05813,6.81119,0.0134564,-0.0147887,-11768,12276,11776,11364,-101,111
932, 641,-6.991,7.40336,7.12046,6.68892,0.00732772,-0.0162542,-11664,12352,11880,11160,-55,122
933, 639,-6.97661,7.38658,7.1756,6.72488,0.0110582,-0.0169204,-11640,12324,11972,11220,-83,127
934, 641,-6.58822,7.75818,7.63112,6.34848,0.0271792,0.00266462,-10992,12944,12732,10592,-204,-20
935, 640,-6.54507,7.67667,7.42254,6.37245,0.0619525,0.044366,-10920,12808,12384,10632,-465,-333
936, 638,-6.49712,7.77017,7.68146,6.34368,0.0960597,0.0775406,-10840,12964,12816,10584,-721,-582
937, 645,-6.4252,7.87806,7.66229,6.24299,0.144556,0.129101,-10720,13144,12784,10416,-1085,-969
938, 642,-6.33409,7.93799,7.69585,6.27176,0.199314,0.186257,-10568,13244,12840,10464,-1496,-1398
939, 642,-6.12551,8.01471,8.07944,6.06318,0.257403,0.245145,-10220,13372,13480,10116,-1932,-1840
940, 644,-6.11592,8.03149,7.76777,6.21182,0.323619,0.309896,-10204,13400,12960,10364,-2429,-2326
941, 653,-6.27416,7.89244,7.77976,6.21901,0.382773,0.372381,-10468,13168,12980,10376,-2873,-2795
942, 653,-6.69611,7.59516,7.30027,6.63617,0.425807,0.41275,-11172,12672,12180,11072,-3196,-3098
943, 654,-6.66974,7.5496,7.4609,6.53788,0.458315,0.444193,-11128,12596,12448,10908,-3440,-3334
944, 654,-6.65535,7.45131,7.43453,6.45396,0.491757,0.478167,-11104,12432,12404,10768,-3691,-3589
945, 666,-6.57384,7.63112,7.42254,6.48513,0.531459,0.51827,-10968,12732,12384,10820,-3989,-3890
946, 667,-6.8903,7.42254,7.03895,6.80639,0.565567,0.545182,-11496,12384,11744,11356,-4245,-4092
947, 668,-7.11327,7.2715,6.80639,6.7992,0.585418,0.560637,-11868,12132,11356,11344,-4394,-4208
948, 664,-7.37219,6.96702,6.55945,7.23314,0.577957,0.557573,-12300,11624,10944,12068,-4338,-4185
949, 686,-7.71982,6.72967,6.35567,7.30027,0.553043,0.523998,-12880,11228,10604,12180,-4151,-3933
950, 690,-8.34796,6.27176,5.5693,7.95478,0.501616,0.463378,-13928,10464,9292,13272,-3765,-3478
951, 691,-8.94013,6.01763,5.50457,7.99553,0.412351,0.369583,-14916,10040,9184,13340,-3095,-2774
952, 693,-8.5014,5.93132,5.42066,8.09383,0.316691,0.279519,-14184,9896,9044,13504,-2377,-2098
953, 700,-8.53496,6.31251,5.70356,8.09623,0.238217,0.194118,-14240,10532,9516,13508,-1788,-1457
954, 704,-8.43667,6.11592,5.44224,7.99793,0.158412,0.116178,-14076,10204,9080,13344,-1189,-872
955, 704,-8.71477,6.07277,5.16893,8.1226,0.072611,0.0346401,-14540,10132,8624,13552,-545,-260
956, 707,-8.14657,6.45876,5.76829,8.10582,-0.0105253,-0.0556907,-13592,10776,9624,13524,79,418
957, 707,-8.80587,5.90734,5.72034,7.91642,-0.099657,-0.13896,-14692,9856,9544,13208,748,1043
958, 704,-8.07944,6.62658,6.02002,7.80853,-0.164141,-0.203444,-13480,11056,10044,13028,1232,1527
959, 705,-8.5014,5.97447,5.37271,7.79175,-0.228625,-0.266995,-14184,9968,8964,13000,1716,2004
960, 704,-8.07705,6.7033,6.02482,7.69585,-0.288979,-0.331213,-13476,11184,10052,12840,2169,2486
961, 696,-7.96676,6.62179,5.87138,7.60714,-0.348,-0.387703,-13292,11048,9796,12692,2612,2910
962, 693,-7.61673,6.71289,6.17106,7.02456,-0.398361,-0.434467,-12708,11200,10296,11720,2990,3261
963, 693,-7.81572,6.71289,6.20942,7.58317,-0.438464,-0.475103,-13040,11200,10360,12652,3291,3566
964, 692,-7.58796,6.63617,6.48513,7.37219,-0.475636,-0.51294,-12660,11072,10820,12300,3570,3850
965, 679,-7.48967,6.9886,6.54267,7.34822,-0.513207,-0.544383,-12496,11660,10916,12260,3852,4086
966, 673,-7.19718,7.16601,6.67933,7.16122,-0.532792,-0.568897,-12008,11956,11144,11948,3999,4270
967, 675,-7.38178,7.05573,6.53788,7.1756,-0.546781,-0.577957,-12316,11772,10908,11972,4104,4338
968, 666,-7.42973,7.01737,7.09888,6.80399,-0.564101,-0.59541,-12396,11708,11844,11352,4234,4469
969, 657,-7.1732,7.35301,6.40602,7.37219,-0.579822,-0.613663,-11968,12268,10688,12300,4352,4606
970, 656,-7.24273,7.08929,7.22595,6.59302,-0.582887,-0.611798,-12084,11828,12056,11000,4375,4592
971, 656,-6.61699,7.50405,6.90708,6.91428,-0.583953,-0.611798,-11040,12520,11524,11536,4383,4592
972, 654,-6.77043,7.71263,7.49207,6.56665,-0.582753,-0.614196,-11296,12868,12500,10956,4374,4610
973, 635,-7.00778,7.06771,6.67933,7.22115,-0.585285,-0.617527,-11692,11792,11144,12048,4393,4635
974, 636,-6.80879,7.7414,7.59995,6.19024,-0.584485,-0.613796,-11360,12916,12680,10328,4387,4607
975, 631,-6.36766,7.49446,6.95983,6.65775,-0.572095,-0.603937,-10624,12504,11612,11108,4294,4533
976, 632,-6.86633,8.00992,7.9356,6.03201,-0.558639,-0.585951,-11456,13364,13240,10064,4193,4398
977, 615,-6.45876,7.42973,7.01257,6.78481,-0.553443,-0.585152,-10776,12396,11700,11320,4154,4392
978, 609,-6.85194,7.50405,7.95238,5.96249,-0.547181,-0.568764,-11432,12520,13268,9948,4107,4269
979, 608,-5.96009,8.125,7.74859,6.39882,-0.526263,-0.551178,-9944,13556,12928,10676,3950,4137
980, 608,-6.88791,7.47289,7.61434,5.84501,-0.500816,-0.530127,-11492,12468,12704,9752,3759,3979
981, 596,-5.84261,8.25925,7.59276,6.26696,-0.479766,-0.507345,-9748,13780,12668,10456,3601,3808
982, 589,-6.10394,7.81333,7.87566,5.81145,-0.462046,-0.488426,-10184,13036,13140,9696,3468,3666
983, 591,-5.8522,8.28083,8.00992,5.73712,-0.433401,-0.459115,-9764,13816,13364,9572,3253,3446
984, 588,-6.18785,7.98115,7.54721,6.12791,-0.408221,-0.435666,-10324,13316,12592,10224,3064,3270
985, 578,-6.16147,8.125,8.18973,5.7563,-0.38757,-0.413949,-10280,13556,13664,9604,2909,3107
986, 575,-5.75391,7.90922,7.9284,6.09914,-0.364121,-0.38264,-9600,13196,13228,10176,2733,2872
987, 577,-5.57889,8.70278,8.39351,5.55971,-0.321087,-0.340939,-9308,14520,14004,9276,2410,2559
988, 573,-5.76589,7.85408,7.29787,6.75365,-0.27832,-0.306165,-9620,13104,12176,11268,2089,2298
989, 566,-6.12551,8.42468,8.41029,5.41586,-0.247943,-0.273257,-10220,14056,14032,9036,1861,2051
990, 563,-5.55731,8.00992,7.82052,5.8546,-0.222096,-0.240482,-9272,13364,13048,9768,1667,1805
991, 561,-5.55971,8.48701,8.3096,5.52854,-0.182127,-0.205576,-9276,14160,13864,9224,1367,1543
992, 566,-6.10394,8.2113,7.77497,6.06078,-0.147221,-0.168538,-10184,13700,12972,10112,1105,1265
993, 558,-5.97927,8.24487,8.34796,5.41586,-0.116577,-0.138161,-9976,13756,13928,9036,875,1037
994, 555,-6.10873,8.05067,7.94279,5.87378,-0.0876662,-0.108983,-10192,13432,13252,9800,658,818
995, 557,-5.61485,8.66203,8.37433,5.52615,-0.058755,-0.0794058,-9368,14452,13972,9220,441,596
996, 556,-5.96488,8.15856,7.76538,6.00804,-0.0278453,-0.051294,-9952,13612,12956,10024,209,385
997, 553,-5.87857,8.37433,8.13938,5.5693,-0.000133231,-0.0210505,-9808,13972,13580,9292,1,158
998, 553,-5.60766,8.36474,8.09143,5.84501,0.0226493,0.00133231,-9356,13956,13500,9752,-170,-10
999, 554,-5.95529,7.96197,7.92121,5.95529,0.0500949,0.0318423,-9936,13284,13216,9936,-376,-239
1000, 553,-6.11353,8.37673,8.44146,5.51896,0.0807381,0.0562236,-10200,13976,14084,9208,-606,-422
1001, 557,-5.96728,8.18493,7.9284,5.81384,0.100323,0.0780735,-9956,13656,13228,9700,-753,-586
1002, 558,-6.02002,8.10821,8.06266,5.76829,0.119642,0.0969923,-10044,13528,13452,9624,-898,-728
1003, 558,-5.99845,8.08664,7.78695,5.78747,0.131366,0.108717,-10008,13492,12992,9656,-986,-816
1004, 557,-6.36046,8.19692,7.91402,5.84741,0.142557,0.123905,-10612,13676,13204,9756,-1070,-930
1005, 560,-6.2334,8.14657,7.84209,6.01523,0.160943,0.136162,-10400,13592,13084,10036,-1208,-1022
1006, 563,-6.07517,8.09623,7.96197,5.84261,0.170936,0.147887,-10136,13508,13284,9748,-1283,-1110
1007, 561,-6.20703,7.95717,7.74859,6.02482,0.179329,0.158279,-10356,13276,12928,10052,-1346,-1188
1008, 562,-6.17586,8.05307,7.8397,5.98886,0.194917,0.171868,-10304,13436,13080,9992,-1463,-1290
1009, 566,-6.231,8.01471,7.63352,6.04879,0.202112,0.181461,-10396,13372,12736,10092,-1517,-1362
1010, 569,-6.31971,7.89244,7.68146,5.99845,0.207308,0.188123,-10544,13168,12816,10008,-1556,-1412
1011, 569,-6.20942,7.93799,7.70784,6.11592,0.2173,0.192919,-10360,13244,12860,10204,-1631,-1448
1012, 564,-6.37245,7.91642,7.75099,6.12791,0.223162,0.201979,-10632,13208,12932,10224,-1675,-1516
1013, 577,-6.28375,7.98834,7.71263,6.044,0.233554,0.211971,-10484,13328,12868,10084,-1753,-1591
1014, 578,-6.47794,7.79654,7.47289,6.36046,0.236619,0.210905,-10808,13008,12468,10612,-1776,-1583
1015, 577,-6.55466,7.7438,7.47049,6.24539,0.232489,0.210372,-10936,12920,12464,10420,-1745,-1579
1016, 578,-6.48034,7.82292,7.47049,6.29813,0.225694,0.203977,-10812,13052,12464,10508,-1694,-1531
1017, 581,-6.57624,7.72702,7.51364,6.25737,0.224628,0.199447,-10972,12892,12536,10440,-1686,-1497
1018, 587,-6.57384,7.75579,7.41295,6.36286,0.216634,0.191187,-10968,12940,12368,10616,-1626,-1435
1019, 584,-6.78481,7.54481,7.14443,6.48513,0.200646,0.173467,-11320,12588,11920,10820,-1506,-1302
1020, 583,-6.54986,7.72462,7.45371,6.33889,0.196649,0.168538,-10928,12888,12436,10576,-1476,-1265
1021, 591,-6.57144,7.81812,7.59036,6.37964,0.196116,0.171335,-10964,13044,12664,10644,-1472,-1286
1022, 589,-6.83996,7.51604,7.23793,6.50911,0.187323,0.158812,-11412,12540,12076,10860,-1406,-1192
1023, 588,-6.53788,7.73421,7.42254,6.31251,0.180795,0.152683,-10908,12904,12384,10532,-1357,-1146
1024, 590,-6.56665,7.73181,7.40096,6.39163,0.177864,0.149352,-10956,12900,12348,10664,-1335,-1121
1025, 595,-6.56185,7.72702,7.45371,6.37964,0.174133,0.147487,-10948,12892,12436,10644,-1307,-1107
1026, 598,-6.68652,7.69345,7.28349,6.48753,0.16534,0.143623,-11156,12836,12152,10824,-1241,-1078
1027, 598,-6.57384,7.71023,7.43932,6.31251,0.165074,0.138694,-10968,12864,12412,10532,-1239,-1041
1028, 597,-6.66254,7.67667,7.34103,6.46595,0.159611,0.134963,-11116,12808,12248,10788,-1198,-1013
1029, 601,-6.7033,7.74859,7.4585,6.34128,0.166806,0.137361,-11184,12928,12444,10580,-1252,-1031
1030, 601,-6.73447,7.59036,7.37219,6.39643,0.162142,0.139493,-11236,12664,12300,10672,-1217,-1047
1031, 602,-6.67213,7.67667,7.4633,6.47554,0.164541,0.13896,-11132,12808,12452,10804,-1235,-1043
1032, 602,-6.59781,7.72702,7.3674,6.52349,0.167472,0.143224,-11008,12892,12292,10884,-1257,-1075
1033, 606,-6.7081,7.62872,7.41774,6.33649,0.162009,0.139626,-11192,12728,12376,10572,-1216,-1048
1034, 606,-6.84475,7.57837,7.19718,6.55466,0.163075,0.136695,-11420,12644,12008,10936,-1224,-1026
1035, 607,-6.75125,7.59755,7.39856,6.46355,0.158279,0.132698,-11264,12676,12344,10784,-1188,-996
1036, 607,-6.73447,7.52803,7.23793,6.49232,0.15708,0.135629,-11236,12560,12076,10832,-1179,-1018
1037, 613,-6.73687,7.67427,7.41774,6.48513,0.160011,0.134963,-11240,12804,12376,10820,-1201,-1013
1038, 611,-6.74166,7.6503,7.24992,6.56185,0.159211,0.135896,-11248,12764,12096,10948,-1195,-1020
1039, 609,-6.76803,7.53762,7.30986,6.36046,0.154282,0.133231,-11292,12576,12196,10612,-1158,-1000
1040, 615,-6.63138,7.66948,7.32424,6.48993,0.157613,0.134564,-11064,12796,12220,10828,-1183,-1010
1041, 616,-6.8975,7.51364,7.13245,6.58103,0.157479,0.132165,-11508,12536,11900,10980,-1182,-992
1042, 620,-6.92626,7.56399,7.25951,6.53788,0.158678,0.132432,-11556,12620,12112,10908,-1191,-994
1043, 616,-6.95503,7.53762,7.20677,6.58822,0.153616,0.130167,-11604,12576,12024,10992,-1153,-977
1044, 618,-6.86633,7.4561,7.22834,6.56665,0.154815,0.127103,-11456,12440,12060,10956,-1162,-954
1045, 622,-6.93106,7.48487,7.19718,6.7009,0.156547,0.128302,-11564,12488,12008,11180,-1175,-963
1046, 623,-7.04614,7.43213,7.18999,6.6098,0.150685,0.128302,-11756,12400,11996,11028,-1131,-963
1047, 623,-6.90948,7.52323,7.15402,6.62179,0.148553,0.122306,-11528,12552,11936,11048,-1115,-918
1048, 625,-6.97901,7.43453,7.23314,6.55706,0.144556,0.117776,-11644,12404,12068,10940,-1085,-884
1049, 627,-6.81838,7.44891,7.2715,6.65535,0.143224,0.12164,-11376,12428,12132,11104,-1075,-913
1050, 626,-6.95264,7.31226,6.98141,6.82078,0.138694,0.114579,-11600,12200,11648,11380,-1041,-860
1051, 631,-6.85194,7.68146,7.27869,6.50911,0.138694,0.112447,-11432,12816,12144,10860,-1041,-844
1052, 630,-7.00059,7.33144,6.90469,6.87112,0.134963,0.109916,-11680,12232,11520,11464,-1013,-825
1053, 634,-7.06771,7.44891,7.25951,6.71769,0.129501,0.107917,-11792,12428,12112,11208,-972,-810
1054, 636,-7.09648,7.3674,7.05813,6.91428,0.122706,0.0948606,-11840,12292,11776,11536,-921,-712
1055, 633,-7.12046,7.30986,6.92387,6.82078,0.108717,0.0846018,-11880,12196,11552,11380,-816,-635
1056, 631,-6.94544,7.47289,7.178,6.63617,0.101389,0.0744763,-11588,12468,11976,11072,-761,-559
1057, 635,-6.91188,7.33383,6.99819,6.59781,0.0963262,0.0722113,-11532,12236,11676,11008,-723,-542
1058, 639,-6.85434,7.49446,7.30986,6.69851,0.0940613,0.0659495,-11436,12504,12196,11176,-706,-495
1059, 638,-7.34103,7.25951,6.82317,6.87112,0.0840689,0.0580888,-12248,12112,11384,11464,-631,-436
1060, 639,-6.97421,7.42973,7.09409,6.76563,0.0803384,0.0503614,-11636,12396,11836,11288,-603,-378
1061, 639,-6.991,7.22115,6.96223,6.7033,0.0698132,0.0427672,-11664,12048,11616,11184,-524,-321
1062, 638,-7.03175,7.43692,7.11566,6.81598,0.0638178,0.0345069,-11732,12408,11872,11372,-479,-259
1063, 641,-7.1756,7.36021,7.04374,6.84715,0.05649,0.0267795,-11972,12280,11752,11424,-424,-201
1064, 642,-7.15882,7.28828,6.90229,6.83037,0.0471639,0.017853,-11944,12160,11516,11396,-354,-134
1065, 641,-7.09648,7.27869,6.97421,6.81598,0.0381041,0.0123905,-11840,12144,11636,11372,-286,-93
1066, 640,-6.94544,7.38897,7.01018,6.86153,0.032242,0.00399694,-11588,12328,11696,11448,-242,-30
1067, 643,-6.94544,7.47768,7.02696,6.83756,0.0269127,-0.00186524,-11588,12476,11724,11408,-202,14
1068, 636,-7.07011,7.34822,7.00538,6.84955,0.0187856,-0.00786064,-11796,12260,11688,11428,-141,59
1069, 641,-6.93825,7.4609,7.09409,6.78961,0.0162542,-0.00746095,-11576,12448,11836,11328,-122,56
1070, 640,-7.07251,7.40576,7.21636,6.65775,0.0154548,-0.0131899,-11800,12356,12040,11108,-116,99
1071, 642,-6.90708,7.33863,7.0773,6.73926,0.0142557,-0.0165207,-11524,12244,11808,11244,-107,124
1072, 641,-6.94305,7.30986,7.09648,6.82317,0.00492956,-0.0198515,-11584,12196,11840,11384,-37,149
1073, 642,-6.97182,7.37699,7.05813,6.72728,0.00173201,-0.0231822,-11632,12308,11776,11224,-13,174
1074, 641,-6.94065,7.41535,7.11087,6.82557,-0.00306432,-0.0269127,-11580,12372,11864,11388,23,202
1075, 641,-6.9838,7.40576,7.03895,6.75125,0.00106585,-0.0241149,-11652,12356,11744,11264,-8,181
1076, 642,-6.9838,7.4585,7.12765,6.7009,-0.000266462,-0.0291776,-11652,12444,11892,11180,2,219
1077, 643,-7.04614,7.33383,6.96942,6.78721,-0.000399694,-0.0326417,-11756,12236,11628,11324,3,245
1078, 639,-6.93346,7.42733,7.20677,6.73447,-0.0085268,-0.0341072,-11568,12392,12024,11236,64,256
1079, 643,-6.91188,7.40096,7.12765,6.71529,-0.00626187,-0.0329081,-11532,12348,11892,11204,47,247
1080, 642,-7.04854,7.4561,7.0773,6.7968,-0.00719449,-0.0306432,-11760,12440,11808,11340,54,230
1081, 641,-6.95743,7.43453,7.00538,6.76084,-0.00532925,-0.0343737,-11608,12404,11688,11280,40,258
1082, 638,-6.96702,7.3626,7.06771,6.69611,-0.00772741,-0.0331746,-11624,12284,11792,11172,58,249
1083, 635,-6.85434,7.45371,7.22115,6.74885,-0.00652833,-0.0311761,-11436,12436,12048,11260,49,234
1084, 642,-6.87832,7.47049,7.29787,6.57624,0.000932619,-0.0227825,-11476,12464,12176,10972,-7,171
1085, 638,-7.00059,7.39856,7.0845,6.88791,0.00226493,-0.0277121,-11680,12344,11820,11492,-17,208
1086, 638,-6.88071,7.47768,7.31465,6.62898,0.00319755,-0.0198515,-11480,12476,12204,11060,-24,149
1087, 640,-6.87112,7.54001,7.2739,6.67693,0.00599541,-0.0225161,-11464,12580,12136,11140,-45,169
1088, 638,-6.96702,7.32185,7.03415,6.82078,0.00346401,-0.0210505,-11624,12216,11736,11380,-26,158
1089, 639,-6.80879,7.51125,7.15642,6.58343,0.0042634,-0.016121,-11360,12532,11940,10984,-32,121
1090, 639,-7.00059,7.39377,7.1804,6.66254,0.00652833,-0.0218499,-11680,12336,11980,11116,-49,164
1091, 637,-6.86873,7.44412,7.21396,6.72728,0.00612864,-0.0189188,-11460,12420,12036,11224,-46,142
1092, 638,-7.00778,7.37459,7.19718,6.67933,0.00786064,-0.0167871,-11692,12304,12008,11144,-59,126
1093, 637,-6.8927,7.46569,7.1732,6.65775,0.0111914,-0.012124,-11500,12456,11968,11108,-84,91
1094, 637,-6.84715,7.43692,7.09888,6.69131,0.0131899,-0.0107917,-11424,12408,11844,11164,-99,81
1095, 640,-6.9838,7.47289,7.14204,6.72008,0.0117243,-0.0106585,-11652,12468,11916,11212,-88,80
1096, 641,-6.86633,7.47528,7.14683,6.72728,0.0174533,-0.00839357,-11456,12472,11924,11224,-131,63
1097, 641,-7.05813,7.48967,7.16122,6.7081,0.0149219,-0.0147887,-11776,12496,11948,11192,-112,111
1098, 638,-7.00059,7.3626,7.03895,6.7992,0.00879326,-0.0174533,-11680,12284,11744,11344,-66,131
1099, 638,-6.91667,7.4609,7.1732,6.64816,0.00892649,-0.0185191,-11540,12448,11968,11092,-67,139
1100, 638,-6.95024,7.40576,7.13245,6.7009,0.00546248,-0.0198515,-11596,12356,11900,11180,-41,149
1101, 638,-6.86873,7.51364,7.17081,6.605,0.00932619,-0.0153216,-11460,12536,11964,11020,-70,115
1102, 639,-6.94065,7.42733,7.24752,6.68412,0.00945942,-0.0149219,-11580,12392,12092,11152,-71,112
1103, 638,-6.95743,7.3674,7.10607,6.78721,0.010925,-0.0166539,-11608,12292,11856,11324,-82,125
1104, 637,-6.8927,7.49686,7.11087,6.7081,0.0125237,-0.0154548,-11500,12508,11864,11192,-94,116
1105, 637,-6.8951,7.44891,7.07011,6.72248,0.00879326,-0.0130567,-11504,12428,11796,11216,-66,98
1106, 639,-6.93106,7.47528,7.11566,6.65535,0.0118576,-0.0155881,-11564,12472,11872,11104,-89,117
1107, 637,-6.99339,7.42014,7.09648,6.74406,0.00772741,-0.0191853,-11668,12380,11840,11252,-58,144
1108, 640,-6.94305,7.4609,7.10847,6.72728,0.00399694,-0.0206508,-11584,12448,11860,11224,-30,155
1109, 639,-6.96942,7.42973,7.09648,6.74885,0.00812711,-0.017853,-11628,12396,11840,11260,-61,134
1110, 637,-7.01977,7.42973,7.15402,6.67693,0.00413017,-0.0189188,-11712,12396,11936,11140,-31,142
1111, 635,-6.94065,7.43453,7.13964,6.7057,0.00306432,-0.0194518,-11580,12404,11912,11188,-23,146
1112, 637,-6.87112,7.48248,7.22115,6.61939,0.00679479,-0.0190521,-11464,12484,12048,11044,-51,143
1113, 637,-6.89989,7.49207,7.10368,6.69851,0.00972588,-0.0147887,-11512,12500,11852,11176,-73,111
1114, 635,-6.92147,7.4609,7.12046,6.7033,0.0105253,-0.0158545,-11548,12448,11880,11184,-79,119
1115, 638,-6.81838,7.42014,7.11087,6.66734,0.0146554,-0.0119908,-11376,12380,11864,11124,-110,90
1116, 637,-6.89989,7.49686,7.15402,6.71529,0.0145222,-0.0129234,-11512,12508,11936,11204,-109,97
1117, 640,-6.92387,7.40096,7.21396,6.66015,0.0141225,-0.00839357,-11552,12348,12036,11112,-106,63
1118, 636,-6.66494,7.64311,7.29547,6.54747,0.0239816,-0.00226493,-11120,12752,12172,10924,-180,17
1119, 641,-6.43239,7.77976,7.6479,6.29573,0.0534257,0.0306432,-10732,12980,12760,10504,-401,-230
1120, 641,-6.42999,7.77257,7.68386,6.29333,0.0879326,0.0684809,-10728,12968,12820,10500,-660,-514
1121, 640,-6.39882,7.85168,7.69105,6.33889,0.132565,0.113913,-10676,13100,12832,10576,-995,-855
1122, 642,-6.52109,7.76298,7.67907,6.33169,0.170536,0.153616,-10880,12952,12812,10564,-1280,-1153
1123, 639,-6.605,7.51604,7.33383,6.6074,0.197982,0.176931,-11020,12540,12236,11024,-1486,-1328
1124, 640,-6.57144,7.69825,7.5496,6.47794,0.226227,0.206642,-10964,12844,12596,10808,-1698,-1551
1125, 646,-6.49232,7.81093,7.61673,6.44437,0.261266,0.24741,-10832,13032,12708,10752,-1961,-1857
1126, 649,-6.74166,7.62153,7.31226,6.46116,0.298172,0.27832,-11248,12716,12200,10780,-2238,-2089
1127, 649,-6.74646,7.53282,7.2739,6.54747,0.323485,0.301636,-11256,12568,12136,10924,-2428,-2264
1128, 649,-6.67693,7.49207,7.39856,6.52109,0.346534,0.328815,-11140,12500,12344,10880,-2601,-2468
1129, 658,-6.66734,7.54001,7.30267,6.5139,0.375446,0.353063,-11124,12580,12184,10868,-2818,-2650
1130, 659,-6.93346,7.39377,7.05813,6.82317,0.392899,0.373714,-11568,12336,11776,11384,-2949,-2805
1131, 660,-7.15642,7.22355,6.92626,6.92147,0.403025,0.377711,-11940,12052,11556,11548,-3025,-2835
1132, 659,-7.365,7.04134,6.71529,7.13484,0.386637,0.36119,-12288,11748,11204,11904,-2902,-2711
1133, 667,-7.39856,7.01018,6.66734,7.04854,0.37025,0.347734,-12344,11696,11124,11760,-2779,-2610
1134, 671,-7.78695,6.67213,6.11592,7.50885,0.342404,0.305499,-12992,11132,10204,12528,-2570,-2293
1135, 668,-8.24966,6.53548,6.00084,7.62153,0.279786,0.245145,-13764,10904,10012,12716,-2100,-1840
1136, 672,-8.10821,6.5139,6.06797,7.44412,0.212904,0.182793,-13528,10868,10124,12420,-1598,-1372
1137, 680,-7.97156,6.73926,6.10873,7.55919,0.167871,0.131899,-13300,11244,10192,12612,-1260,-990
1138, 683,-7.99313,6.7033,6.07996,7.65989,0.116711,0.0815375,-13336,11184,10144,12780,-876,-612
1139, 683,-7.95717,6.54267,5.93372,7.84929,0.0584885,0.0185191,-13276,10916,9900,13096,-439,-139
1140, 682,-8.01711,6.60021,6.14709,7.80853,-0.00452986,-0.0435666,-13376,11012,10256,13028,34,327
1141, 682,-8.05307,6.56665,5.93611,7.74859,-0.0640842,-0.0993905,-13436,10956,9904,12928,481,746
1142, 682,-7.93799,6.74885,6.33169,7.28828,-0.107384,-0.137628,-13244,11260,10564,12160,806,1033
1143, 683,-7.84929,6.83996,6.2334,7.33863,-0.149619,-0.184392,-13096,11412,10400,12244,1123,1384
1144, 682,-8.25206,6.42759,6.418,7.17081,-0.192519,-0.224894,-13768,10724,10708,11964,1445,1688
1145, 676,-7.32904,7.0773,5.94331,7.79415,-0.228492,-0.26593,-12228,11808,9916,13004,1715,1996
1146, 671,-7.94039,6.77762,6.81119,6.84955,-0.264331,-0.296573,-13248,11308,11364,11428,1984,2226
1147, 673,-7.17081,6.90948,6.34848,7.50645,-0.285515,-0.318822,-11964,11528,10592,12524,2143,2393
1148, 669,-7.65749,6.7033,6.50191,7.30506,-0.306565,-0.342271,-12776,11184,10848,12188,2301,2569
1149, 664,-7.21396,7.09888,6.59542,7.18279,-0.328681,-0.362789,-12036,11844,11004,11984,2467,2723
1150, 659,-7.33144,7.19958,6.76563,7.06292,-0.348,-0.379576,-12232,12012,11288,11784,2612,2849
1151, 663,-7.28109,7.05333,6.83037,7.12286,-0.35626,-0.386237,-12148,11768,11396,11884,2674,2899
1152, 661,-7.29787,7.06052,6.94784,6.91907,-0.367585,-0.39956,-12176,11780,11592,11544,2759,2999
1153, 653,-6.93825,7.09888,6.76563,7.10128,-0.382107,-0.416614,-11576,11844,11288,11848,2868,3127
1154, 649,-7.00059,7.29308,7.06532,6.79201,-0.392766,-0.425008,-11680,12168,11788,11332,2948,3190
1155, 651,-7.05333,7.35541,7.01977,6.81119,-0.397296,-0.431802,-11768,12272,11712,11364,2982,3241
1156, 650,-7.03415,7.15163,6.85434,6.69371,-0.406755,-0.439263,-11736,11932,11436,11168,3053,3297
1157, 637,-7.23314,7.49207,7.16841,6.65056,-0.418746,-0.448456,-12068,12500,11960,11096,3143,3366
1158, 634,-6.88791,7.26431,6.95983,6.72728,-0.425807,-0.454851,-11492,12120,11612,11224,3196,3414
1159, 633,-6.6122,7.52083,7.40336,6.57144,-0.41768,-0.448856,-11032,12548,12352,10964,3135,3369
1160, 633,-6.57863,7.78456,7.54481,6.5115,-0.410885,-0.440196,-10976,12988,12588,10864,3084,3304
1161, 619,-6.81358,7.53282,7.15402,6.5139,-0.398761,-0.429005,-11368,12568,11936,10868,2993,3220
1162, 620,-6.58583,7.36979,7.6503,6.40362,-0.390501,-0.416881,-10988,12296,12764,10684,2931,3129
1163, 618,-6.37725,7.90922,7.5568,6.38923,-0.375446,-0.408087,-10640,13196,12608,10660,2818,3063
1164, 616,-6.64576,7.51364,7.32904,6.36526,-0.36532,-0.391167,-11088,12536,12228,10620,2742,2936
1165, 605,-6.43958,7.80374,7.65989,6.15668,-0.357859,-0.385571,-10744,13020,12780,10272,2686,2894
1166, 602,-6.40122,7.67667,7.48008,6.58103,-0.343737,-0.368651,-10680,12808,12480,10980,2580,2767
1167, 602,-6.30053,7.92601,8.14178,5.74432,-0.318556,-0.342005,-10512,13224,13584,9584,2391,2567
1168, 602,-6.38923,7.90683,7.69105,6.1375,-0.294308,-0.31749,-10660,13192,12832,10240,2209,2383
1169, 595,-6.44437,7.89244,7.74859,6.18545,-0.272724,-0.301236,-10752,13168,12928,10320,2047,2261
1170, 590,-6.14709,8.07465,7.82771,6.07037,-0.25607,-0.279253,-10256,13472,13060,10128,1922,2096
1171, 592,-5.91454,8.19452,8.01951,6.18785,-0.228891,-0.255005,-9868,13672,13380,10324,1718,1914
1172, 588,-6.45157,7.90203,7.92121,6.02961,-0.205176,-0.227159,-10764,13184,13216,10060,1540,1705
1173, 587,-6.28614,7.97396,7.90203,5.99125,-0.187456,-0.211038,-10488,13304,13184,9996,1407,1584
1174, 582,-6.14949,7.91162,7.9284,5.82343,-0.172934,-0.196649,-10260,13200,13228,9716,1298,1476
1175, 583,-6.13271,8.1226,8.06985,5.89056,-0.147753,-0.169603,-10232,13552,13464,9828,1109,1273
1176, 582,-6.11113,8.06506,7.81093,6.1351,-0.12164,-0.149086,-10196,13456,13032,10236,913,1119
1177, 580,-6.07517,8.03389,7.84449,5.857,-0.101256,-0.126436,-10136,13404,13088,9772,760,949
1178, 574,-6.01043,8.07705,7.69345,6.2358,-0.0847351,-0.114979,-10028,13476,12836,10404,636,863
1179, 578,-6.29573,7.95717,7.89724,5.79946,-0.0719449,-0.0953936,-10504,13276,13176,9676,540,716
1180, 577,-6.01283,8.15376,8.06266,6.02482,-0.0427672,-0.0672818,-10032,13604,13452,10052,321,505
1181, 573,-6.1399,7.98354,7.65749,6.09195,-0.0254472,-0.0499617,-10244,13320,12776,10164,191,375
1182, 575,-6.19024,8.07225,7.76298,6.17106,-0.00732772,-0.035706,-10328,13468,12952,10296,55,268
1183, 574,-6.09435,7.99793,7.8397,5.98646,0.0085268,-0.0170536,-10168,13344,13080,9988,-64,128
1184, 574,-6.0416,8.05787,7.90443,5.97927,0.0269127,0.00439663,-10080,13444,13188,9976,-202,-33
1185, 576,-6.36766,8.00992,7.67907,6.19983,0.0436998,0.0186524,-10624,13364,12812,10344,-328,-140
1186, 576,-6.41321,8.00033,7.82052,6.00084,0.0568897,0.0301103,-10700,13348,13048,10012,-427,-226
1187, 579,-6.1375,7.91881,7.85888,5.95769,0.0667489,0.0401026,-10240,13212,13112,9940,-501,-301
1188, 576,-6.38684,7.91642,7.49207,6.06797,0.0739433,0.0479632,-10656,13208,12500,10124,-555,-360
1189, 577,-6.53788,8.10102,7.80613,6.11113,0.0891317,0.0632848,-10908,13516,13024,10196,-669,-475
1190, 580,-6.36766,7.95717,7.74859,6.09195,0.0949939,0.0751424,-10624,13276,12928,10164,-713,-564
1191, 580,-6.24539,7.97875,7.71982,6.1375,0.111381,0.0848683,-10420,13312,12880,10240,-836,-637
1192, 579,-6.25018,7.94519,7.68386,6.08236,0.123239,0.0988576,-10428,13256,12820,10148,-925,-742
1193, 579,-6.34848,7.89963,7.65989,6.1351,0.135496,0.111381,-10592,13180,12780,10236,-1017,-836
1194, 582,-6.28854,7.85408,7.59036,6.15668,0.146554,0.118975,-10492,13104,12664,10272,-1100,-893
1195, 580,-6.418,7.87566,7.56159,6.14229,0.150285,0.125637,-10708,13140,12616,10248,-1128,-943
1196, 580,-6.41321,7.9356,7.77736,6.20223,0.158279,0.134297,-10700,13240,12976,10348,-1188,-1008
1197, 583,-6.44917,7.94039,7.71503,6.18305,0.172401,0.145755,-10760,13248,12872,10316,-1294,-1094
1198, 587,-6.38684,7.86127,7.52323,6.25498,0.176265,0.154548,-10656,13116,12552,10436,-1323,-1160
1199, 587,-6.6098,7.71023,7.44891,6.3221,0.181194,0.156813,-11028,12864,12428,10548,-1360,-1177
1200, 588,-6.60261,7.74859,7.42733,6.30532,0.17813,0.152949,-11016,12928,12392,10520,-1337,-1148
1201, 591,-6.52109,7.79415,7.39856,6.33649,0.17773,0.145222,-10880,13004,12344,10572,-1334,-1090
1202, 595,-6.64336,7.69825,7.38418,6.44917,0.172401,0.143357,-11084,12844,12320,10760,-1294,-1076
1203, 591,-6.77522,7.6527,7.28349,6.50431,0.162675,0.134697,-11304,12768,12152,10852,-1221,-1011
1204, 592,-6.71049,7.69345,7.41535,6.45636,0.151217,0.123239,-11196,12836,12372,10772,-1135,-925
1205, 598,-6.57624,7.70304,7.41295,6.46595,0.14802,0.118842,-10972,12852,12368,10788,-1111,-892
1206, 598,-6.76084,7.56639,7.2667,6.48513,0.142691,0.11298,-11280,12624,12124,10820,-1071,-848
1207, 598,-6.69611,7.63352,7.35062,6.41561,0.13523,0.105786,-11172,12736,12264,10704,-1015,-794
1208, 601,-6.69371,7.60954,7.32664,6.49472,0.12617,0.100989,-11168,12696,12224,10836,-947,-758
1209, 595,-6.59781,7.62872,7.25232,6.44437,0.121773,0.0923292,-11008,12728,12100,10752,-914,-693
1210, 602,-6.64576,7.68866,7.48727,6.35567,0.11711,0.0897979,-11088,12828,12492,10604,-879,-674
1211, 601,-6.77283,7.6527,7.26431,6.58822,0.115245,0.0863338,-11300,12768,12120,10992,-865,-648
1212, 603,-6.72728,7.62153,7.42494,6.37725,0.113913,0.0859342,-11224,12716,12388,10640,-855,-645
1213, 602,-6.81358,7.60235,7.22595,6.605,0.111648,0.083536,-11368,12684,12056,11020,-838,-627
1214, 603,-6.72488,7.67907,7.43213,6.39882,0.106185,0.0792726,-11220,12812,12400,10676,-797,-595
1215, 606,-6.65056,7.6479,7.33623,6.49232,0.102988,0.0759418,-11096,12760,12240,10832,-773,-570
1216, 605,-6.73926,7.65509,7.33383,6.52349,0.103521,0.0784732,-11244,12772,12236,10884,-777,-589
1217, 607,-6.78721,7.66468,7.4633,6.55945,0.106718,0.0808714,-11324,12788,12452,10944,-801,-607
1218, 609,-6.72967,7.61434,7.3626,6.48513,0.106052,0.0810046,-11228,12704,12284,10820,-796,-608
1219, 608,-6.65535,7.66468,7.39856,6.45636,0.107651,0.0786064,-11104,12788,12344,10772,-808,-590
1220, 608,-6.68892,7.6527,7.21396,6.45157,0.108583,0.0770077,-11160,12768,12036,10764,-815,-578
1221, 612,-6.66254,7.62153,7.34103,6.5115,0.109516,0.0832695,-11116,12716,12248,10864,-822,-625
1222, 613,-6.85434,7.50645,7.36979,6.53308,0.103121,0.076608,-11436,12524,12296,10900,-774,-575
1223, 610,-6.74406,7.58796,7.1732,6.60261,0.102322,0.0814043,-11252,12660,11968,11016,-768,-611
1224, 610,-6.62179,7.73181,7.9356,5.99365,0.108051,0.0967259,-11048,12900,13240,10000,-811,-726
1225, 616,-5.93851,8.13938,8.00272,6.02002,0.158545,0.146288,-9908,13580,13352,10044,-1190,-1098
1226, 616,-6.16867,8.05067,8.06506,5.92652,0.219299,0.198248,-10292,13432,13456,9888,-1646,-1488
1227, 617,-6.19024,7.94279,7.68626,6.21422,0.267795,0.248476,-10328,13252,12824,10368,-2010,-1865
1228, 616,-6.28375,7.94998,7.73661,6.18785,0.303101,0.288179,-10484,13264,12908,10324,-2275,-2163
1229, 623,-6.25258,7.97396,7.77257,6.25258,0.346135,0.328815,-10432,13304,12968,10432,-2598,-2468
1230, 626,-6.5115,7.67427,7.5544,6.35567,0.37891,0.359858,-10864,12804,12604,10604,-2844,-2701
1231, 625,-6.69611,7.5544,7.32424,6.58103,0.402358,0.385038,-11172,12604,12220,10980,-3020,-2890
1232, 627,-6.64097,7.62632,7.44172,6.36526,0.422609,0.40409,-11080,12724,12416,10620,-3172,-3033
1233, 638,-6.75125,7.53762,7.23554,6.57863,0.43873,0.417014,-11264,12576,12072,10976,-3293,-3130
1234, 642,-7.11327,7.26431,6.93346,6.79201,0.449522,0.425807,-11868,12120,11568,11332,-3374,-3196
1235, 642,-7.22834,7.32185,6.97661,6.75365,0.444859,0.422876,-12060,12216,11640,11268,-3339,-3174
1236, 645,-7.41535,7.16361,6.76803,6.93346,0.431403,0.403158,-12372,11952,11292,11568,-3238,-3026
1237, 656,-7.19958,7.16841,6.92866,7.02216,0.414749,0.393165,-12012,11960,11560,11716,-3113,-2951
1238, 658,-7.5568,6.82797,6.29094,7.37699,0.390501,0.361989,-12608,11392,10496,12308,-2931,-2717
1239, 658,-7.88765,6.63377,6.20942,7.40815,0.340273,0.307897,-13160,11068,10360,12360,-2554,-2311
1240, 655,-7.89484,6.74406,6.02002,7.4561,0.278986,0.243547,-13172,11252,10044,12440,-2094,-1828
1241, 664,-7.84209,6.71529,6.29333,7.41055,0.223695,0.188522,-13084,11204,10500,12364,-1679,-1415
1242, 664,-7.9308,6.68892,6.12791,7.47049,0.174799,0.139626,-13232,11160,10224,12464,-1312,-1048
1243, 664,-7.85408,6.7992,6.29333,7.37938,0.128168,0.0963262,-13104,11344,10500,12312,-962,-723
1244, 665,-7.70784,6.85434,6.44917,7.37459,0.0866003,0.0519602,-12860,11436,10760,12304,-650,-390
1245, 667,-7.58557,6.93825,6.62418,7.13964,0.0554242,0.0217167,-12656,11576,11052,11912,-416,-163
1246, 667,-7.59276,6.93585,6.50191,7.2691,0.0289112,-0.00479632,-12668,11572,10848,12128,-217,36
1247, 668,-7.60235,6.83037,6.43958,7.25711,-0.00199847,-0.0355727,-12684,11396,10744,12108,15,267
1248, 667,-7.52563,6.95743,6.52829,7.19718,-0.0294441,-0.0608867,-12556,11608,10892,12008,221,457
1249, 667,-7.40576,7.03895,6.69851,6.99579,-0.0562236,-0.0808714,-12356,11744,11176,11672,422,607
1250, 666,-7.40336,7.02456,6.7033,7.17081,-0.074343,-0.104587,-12352,11720,11184,11964,558,785
1251, 664,-7.57118,6.90469,6.5115,7.26431,-0.0924625,-0.125371,-12632,11520,10864,12120,694,941
1252, 669,-7.37699,7.10607,6.76084,6.96702,-0.113779,-0.142557,-12308,11856,11280,11624,854,1070
1253, 664,-7.41774,6.94305,6.58583,7.14204,-0.138161,-0.168804,-12376,11584,10988,11916,1037,1267
1254, 664,-7.32664,7.00778,6.77522,6.96223,-0.159744,-0.188655,-12224,11692,11304,11616,1199,1416
1255, 664,-7.44172,7.09409,6.67933,7.18999,-0.179862,-0.207574,-12416,11836,11144,11996,1350,1558
1256, 663,-7.41295,7.02696,6.90469,6.7968,-0.194518,-0.227692,-12368,11724,11520,11340,1460,1709
1257, 660,-7.32664,7.24513,6.84955,7.05093,-0.212371,-0.240616,-12224,12088,11428,11764,1594,1806
1258, 659,-7.19238,7.178,6.86633,6.91667,-0.226626,-0.253806,-12000,11976,11456,11540,1701,1905
1259, 658,-7.00538,7.38897,6.88071,7.15642,-0.23875,-0.267528,-11688,12328,11480,11940,1792,2008
1260, 659,-7.31945,7.03415,6.6098,6.8903,-0.249009,-0.279386,-12212,11736,11028,11496,1869,2097
1261, 652,-7.19958,7.38178,7.02936,6.80879,-0.260201,-0.292443,-12012,12316,11728,11360,1953,2195
1262, 650,-7.19478,7.31226,6.93346,6.82078,-0.270593,-0.298038,-12004,12200,11568,11380,2031,2237
1263, 651,-7.06052,7.33863,6.85674,6.991,-0.274323,-0.306965,-11780,12244,11440,11664,2059,2304
1264, 649,-6.86633,7.4561,7.1804,6.63617,-0.279386,-0.313626,-11456,12440,11980,11072,2097,2354
1265, 639,-7.01737,7.30506,6.97421,6.75604,-0.29111,-0.322153,-11708,12188,11636,11272,2185,2418
1266, 637,-6.63138,7.63591,7.28828,6.45876,-0.294308,-0.319888,-11064,12740,12160,10776,2209,2401
1267, 637,-6.83276,7.5568,7.3674,6.48993,-0.285648,-0.313227,-11400,12608,12292,10828,2144,2351
1268, 638,-6.85914,7.51364,7.24752,6.61699,-0.280718,-0.310162,-11444,12536,12092,11040,2107,2328
1269, 622,-6.88071,7.50405,7.14204,6.63857,-0.277521,-0.310029,-11480,12520,11916,11076,2083,2327
1270, 624,-6.50191,7.82531,7.68626,6.12072,-0.272858,-0.295507,-10848,13056,12824,10212,2048,2218
1271, 627,-6.26457,7.77736,7.29068,6.62179,-0.250475,-0.276721,-10452,12976,12164,11048,1880,2077
1272, 627,-7.02696,7.70064,7.77497,6.14949,-0.236219,-0.261666,-11724,12848,12972,10260,1773,1964
1273, 617,-6.50191,7.61434,7.01257,6.81598,-0.23009,-0.260067,-10848,12704,11700,11372,1727,1952
1274, 614,-6.52589,7.6503,7.86367,6.25737,-0.22223,-0.247144,-10888,12764,13120,10440,1668,1855
1275, 616,-6.86873,7.61673,7.24752,6.3245,-0.207175,-0.233688,-11460,12708,12092,10552,1555,1754
1276, 611,-6.4252,7.84689,7.48248,6.40602,-0.184126,-0.213303,-10720,13092,12484,10688,1382,1601
1277, 608,-6.58103,7.78216,7.66948,6.17586,-0.175066,-0.197982,-10980,12984,12796,10304,1314,1486
1278, 607,-6.45396,7.80374,7.29547,6.34128,-0.158678,-0.182394,-10768,13020,12172,10580,1191,1369
1279, 608,-6.59062,7.67427,7.98354,5.93851,-0.140692,-0.156413,-10996,12804,13320,9908,1056,1174
1280, 609,-6.28614,7.94279,7.87566,6.10633,-0.0995237,-0.11791,-10488,13252,13140,10188,747,885
1281, 606,-5.77069,8.34316,7.87326,6.02961,-0.0528928,-0.0730107,-9628,13920,13136,10060,397,548
1282, 605,-6.12072,8.03869,7.94998,6.01043,-0.0129234,-0.0289112,-10212,13412,13264,10028,97,217
1283, 602,-5.80186,8.35515,8.01471,5.91454,0.0395697,0.0246478,-9680,13940,13372,9868,-297,-185
1284, 602,-5.81624,8.17294,8.03869,5.96488,0.097392,0.0795391,-9704,13636,13412,9952,-731,-597
1285, 605,-5.87378,8.24247,8.06506,5.97927,0.154015,0.132965,-9800,13752,13456,9976,-1156,-998
1286, 609,-6.02242,8.05307,7.92601,6.10633,0.201046,0.184126,-10048,13436,13224,10188,-1509,-1382
1287, 603,-6.20703,7.95957,7.84689,6.06797,0.246345,0.227959,-10356,13280,13092,10124,-1849,-1711
1288, 609,-6.03201,8.18253,7.89724,6.10154,0.292043,0.27792,-10064,13652,13176,10180,-2192,-2086
1289, 612,-6.3245,7.89963,7.79894,6.05838,0.335876,0.322553,-10552,13180,13012,10108,-2521,-2421
1290, 616,-6.35567,7.91402,7.62632,6.26457,0.375179,0.357726,-10604,13204,12724,10452,-2816,-2685
1291, 615,-6.48513,7.77497,7.50405,6.38204,0.403957,0.385571,-10820,12972,12520,10648,-3032,-2894
1292, 615,-6.46835,7.6479,7.60235,6.24059,0.432469,0.416481,-10792,12760,12684,10412,-3246,-3126
1293, 629,-6.46116,7.83011,7.6527,6.22621,0.465776,0.445925,-10780,13064,12768,10388,-3496,-3347
1294, 632,-6.78481,7.47768,7.13005,6.59781,0.483629,0.462579,-11320,12476,11896,11008,-3630,-3472
1295, 632,-6.65775,7.34103,6.96462,6.83756,0.482697,0.457649,-11108,12248,11620,11408,-3623,-3435
1296, 634,-7.22115,7.14204,6.74406,6.7033,0.462179,0.442461,-12048,11916,11252,11184,-3469,-3321
1297, 644,-6.90229,7.50645,7.06052,6.83996,0.455384,0.430204,-11516,12524,11780,11412,-3418,-3229
1298, 647,-7.8373,6.77043,6.34608,7.04374,0.42594,0.393832,-13076,11296,10588,11752,-3197,-2956
1299, 650,-7.68626,6.93585,6.47794,7.38178,0.386904,0.347867,-12824,11572,10808,12316,-2904,-2611
1300, 650,-7.8397,6.68652,6.24778,7.52563,0.329081,0.292443,-13080,11156,10424,12556,-2470,-2195
1301, 658,-7.53762,7.04614,5.7587,7.87326,0.264064,0.231956,-12576,11756,9608,13136,-1982,-1741
1302, 661,-8.38872,6.65295,5.70116,7.72941,0.199447,0.155614,-13996,11100,9512,12896,-1497,-1168
1303, 661,-8.81786,6.06797,5.55492,7.90203,0.107384,0.0636845,-14712,10124,9268,13184,-806,-478
1304, 659,-8.07225,6.54267,5.96728,7.63831,0.0237152,-0.0182527,-13468,10916,9956,12744,-178,137
1305, 662,-7.75099,6.36526,5.98886,7.65749,-0.0491623,-0.0866003,-12932,10620,9992,12776,369,650
1306, 664,-7.95717,6.74406,6.39643,7.33144,-0.107917,-0.146155,-13276,11252,10672,12232,810,1097
1307, 659,-8.06506,6.44677,5.90255,7.76777,-0.168404,-0.207974,-13456,10756,9848,12960,1264,1561
1308, 660,-7.86367,6.85914,6.90229,6.88311,-0.232222,-0.268061,-13120,11444,11516,11484,1743,2012
1309, 657,-6.95264,6.53308,5.86419,8.07944,-0.279119,-0.320421,-11600,10900,9784,13480,2095,2405
1310, 655,-7.26431,6.99339,7.19958,6.81598,-0.324285,-0.35666,-12120,11668,12012,11372,2434,2677
1311, 654,-7.19238,6.89989,6.28135,7.69105,-0.357459,-0.396496,-12000,11512,10480,12832,2683,2976
1312, 657,-7.71023,6.67213,7.1732,6.44198,-0.391966,-0.423009,-12864,11132,11968,10748,2942,3175
1313, 642,-7.00059,7.15163,6.37725,7.53762,-0.419678,-0.458182,-11680,11932,10640,12576,3150,3439
1314, 641,-7.6479,6.87592,7.2739,6.48993,-0.459914,-0.489492,-12760,11472,12136,10828,3452,3674
1315, 637,-6.9838,7.50166,6.92866,7.01497,-0.475769,-0.511741,-11652,12516,11560,11704,3571,3841
1316, 638,-7.00298,7.2715,7.12765,6.33169,-0.491357,-0.519469,-11684,12132,11892,10564,3688,3899
1317, 623,-7.03415,7.34342,6.96942,6.8951,-0.511075,-0.541851,-11736,12252,11628,11504,3836,4067
1318, 619,-6.57624,7.50166,7.65749,6.39163,-0.508943,-0.535323,-10972,12516,12776,10664,3820,4018
1319, 621,-6.46835,7.82531,7.2739,6.61459,-0.499617,-0.53026,-10792,13056,12136,11036,3750,3980
1320, 619,-6.82797,7.33623,6.81358,7.04854,-0.490025,-0.518136,-11392,12240,11368,11760,3678,3889
1321, 604,-6.86873,7.78456,7.90922,6.10873,-0.490424,-0.524798,-11460,12988,13196,10192,3681,3939
1322, 602,-6.7057,7.47528,7.29308,6.5163,-0.49149,-0.518403,-11188,12472,12168,10872,3689,3891
1323, 598,-6.35327,7.76058,7.75099,6.08715,-0.476968,-0.503614,-10600,12948,12932,10156,3580,3780
1324, 600,-6.04879,8.10102,7.55919,6.43479,-0.45725,-0.486161,-10092,13516,12612,10736,3432,3649
1325, 587,-6.33649,7.78935,7.88045,5.98167,-0.440995,-0.470706,-10572,12996,13148,9980,3310,3533
1326, 583,-6.37725,7.63112,7.85408,6.15668,-0.424075,-0.44819,-10640,12732,13104,10272,3183,3364
1327, 583,-6.13271,7.86847,8.31919,5.45662,-0.39956,-0.422876,-10232,13128,13880,9104,2999,3174
1328, 581,-6.27416,8.08424,7.69105,6.29094,-0.372648,-0.399294,-10468,13488,12832,10496,2797,2997
1329, 570,-6.60261,7.88045,7.85408,5.71555,-0.355328,-0.381708,-11016,13148,13104,9536,2667,2865
1330, 568,-5.64602,8.38392,8.06746,5.94091,-0.335077,-0.36572,-9420,13988,13460,9912,2515,2745
1331, 568,-6.18065,8.26165,8.15137,5.56451,-0.313626,-0.334677,-10312,13784,13600,9284,2354,2512
1332, 571,-5.93851,8.47023,8.45105,6.08955,-0.276322,-0.303101,-9908,14132,14100,10160,2074,2275
1333, 560,-6.43718,8.01711,8.06266,5.39908,-0.252473,-0.275123,-10740,13376,13452,9008,1895,2065
1334, 560,-5.64362,8.31439,8.38392,5.80665,-0.23049,-0.252873,-9416,13872,13988,9688,1730,1898
1335, 554,-6.19264,7.96916,7.97635,5.63164,-0.199047,-0.224894,-10332,13296,13308,9396,1494,1688
1336, 557,-5.52615,8.5949,7.91642,5.77788,-0.16574,-0.185991,-9220,14340,13208,9640,1244,1396
1337, 550,-6.02002,8.08903,8.07705,5.30079,-0.137495,-0.155747,-10044,13496,13476,8844,1032,1169
1338, 550,-5.86659,8.27124,7.90922,6.01523,-0.109116,-0.132832,-9788,13800,13196,10036,819,997
1339, 552,-5.72034,8.43906,8.312,5.41107,-0.0791394,-0.0987243,-9544,14080,13868,9028,594,741
1340, 551,-6.19024,8.125,7.76298,5.88097,-0.0484962,-0.0722113,-10328,13556,12952,9812,364,542
1341, 547,-5.91454,8.3048,8.17055,5.62924,-0.0235819,-0.0430337,-9868,13856,13632,9392,177,323
1342, 546,-5.83063,8.17534,7.90922,5.89775,-0.00532925,-0.0274456,-9728,13640,13196,9840,40,206
1343, 546,-6.05359,8.36714,8.45345,5.3847,0.0225161,0.00133231,-10100,13960,14104,8984,-169,-10
1344, 548,-5.31277,8.56373,8.24727,5.8498,0.0563568,0.0329081,-8864,14288,13760,9760,-423,-247
1345, 547,-6.28854,7.78695,7.62153,5.86659,0.0768744,0.05649,-10492,12992,12716,9788,-577,-424
1346, 548,-5.71555,8.34077,7.96437,6.12551,0.0983247,0.076075,-9536,13916,13288,10220,-738,-571
1347, 550,-6.19744,7.86847,7.73661,5.59088,0.114845,0.092196,-10340,13128,12908,9328,-862,-692
1348, 549,-5.97447,8.125,7.77497,6.05359,0.132432,0.105919,-9968,13556,12972,10100,-994,-795
1349, 550,-5.98406,8.14657,7.94279,5.84021,0.14802,0.126436,-9984,13592,13252,9744,-1111,-949
1350, 553,-5.88337,8.31679,7.99313,5.96249,0.162942,0.139893,-9816,13876,13336,9948,-1223,-1050
1351, 553,-6.17346,7.92601,7.76777,5.84261,0.173201,0.148153,-10300,13224,12960,9748,-1300,-1112
1352, 552,-5.9529,8.19452,7.96197,5.93372,0.191587,0.168271,-9932,13672,13284,9900,-1438,-1263
1353, 558,-6.18545,7.88525,7.84929,5.97927,0.200113,0.181194,-10320,13156,13096,9976,-1502,-1360
1354, 559,-6.09914,8.05547,7.88285,5.95769,0.213303,0.189855,-10176,13440,13152,9940,-1601,-1425
1355, 563,-6.10873,8.03869,7.79654,5.88097,0.22556,0.200513,-10192,13412,13008,9812,-1693,-1505
1356, 559,-6.16627,7.97635,7.63831,6.09195,0.228625,0.207974,-10288,13308,12744,10164,-1716,-1561
1357, 566,-6.34848,7.9356,7.73181,6.00324,0.234487,0.210772,-10592,13240,12900,10016,-1760,-1582
1358, 567,-6.40362,7.91162,7.37219,6.29333,0.235686,0.208507,-10684,13200,12300,10500,-1769,-1565
1359, 567,-6.5115,7.83011,7.6479,6.12312,0.231956,0.20944,-10864,13064,12760,10216,-1741,-1572
1360, 570,-6.38923,7.86847,7.6503,6.12312,0.232089,0.206508,-10660,13128,12764,10216,-1742,-1550
1361, 577,-6.35327,7.82531,7.66708,6.14229,0.234221,0.209972,-10600,13056,12792,10248,-1758,-1576
1362, 578,-6.52829,7.7462,7.30506,6.33889,0.234221,0.20944,-10892,12924,12188,10576,-1758,-1572
1363, 578,-6.7081,7.61913,7.29308,6.37725,0.217966,0.189855,-11192,12712,12168,10640,-1636,-1425
1364, 577,-6.55226,7.76538,7.54001,6.25737,0.208107,0.183326,-10932,12956,12580,10440,-1562,-1376
1365, 581,-6.54747,7.77017,7.4609,6.38204,0.203311,0.176665,-10924,12964,12448,10648,-1526,-1326
1366, 584,-6.66974,7.75339,7.48008,6.39882,0.192386,0.168404,-11128,12936,12480,10676,-1444,-1264
1367, 584,-6.63138,7.71263,7.4633,6.35087,0.187723,0.161609,-11064,12868,12452,10596,-1409,-1213
1368, 583,-6.53788,7.77976,7.49686,6.3269,0.181727,0.158279,-10908,12980,12508,10556,-1364,-1188
1369, 590,-6.59542,7.75099,7.43932,6.40122,0.17853,0.153616,-11004,12932,12412,10680,-1340,-1153
1370, 589,-6.54027,7.71503,7.34103,6.43239,0.176798,0.150551,-10912,12872,12248,10732,-1327,-1130
1371, 590,-6.66015,7.71743,7.70064,6.28854,0.168538,0.146021,-11112,12876,12848,10492,-1265,-1096
1372, 589,-6.4228,7.79175,7.36979,6.29573,0.177464,0.149086,-10716,13000,12296,10504,-1332,-1119
1373, 595,-6.45876,7.79175,7.51604,6.24059,0.179063,0.158012,-10776,13000,12540,10412,-1344,-1186
1374, 597,-6.55706,7.71263,7.39377,6.43479,0.183193,0.157613,-10940,12868,12336,10736,-1375,-1183
1375, 596,-6.66734,7.71263,7.57837,6.29094,0.181727,0.158812,-11124,12868,12644,10496,-1364,-1192
1376, 596,-6.66494,7.57358,7.22834,6.41081,0.180129,0.157613,-11120,12636,12060,10696,-1352,-1183
1377, 602,-6.72967,7.66948,7.41055,6.40122,0.181861,0.156413,-11228,12796,12364,10680,-1365,-1174
1378, 600,-6.73687,7.62153,7.19958,6.59781,0.183326,0.159877,-11240,12716,12012,11008,-1376,-1200
1379, 595,-6.63138,7.70544,7.48967,6.35087,0.18266,0.159478,-11064,12856,12496,10596,-1371,-1197
1380, 601,-6.49472,7.63112,7.38658,6.49232,0.189588,0.168404,-10836,12732,12324,10832,-1423,-1264
1381, 605,-6.68172,7.68146,7.36021,6.43718,0.197848,0.175466,-11148,12816,12280,10740,-1485,-1317
1382, 608,-6.97901,7.47528,7.43453,6.39882,0.198781,0.174666,-11644,12472,12404,10676,-1492,-1311
1383, 607,-6.59302,7.70064,7.28828,6.53308,0.201712,0.176265,-11000,12848,12160,10900,-1514,-1323
1384, 608,-6.63857,7.67427,7.60235,6.29094,0.200247,0.174666,-11076,12804,12684,10496,-1503,-1311
1385, 613,-6.71529,7.73181,7.38178,6.69131,0.198515,0.177331,-11204,12900,12316,11164,-1490,-1331
1386, 614,-7.02216,7.49446,7.21636,6.58103,0.197848,0.1744,-11716,12504,12040,10980,-1485,-1309
1387, 613,-6.73207,7.59036,7.25711,6.58343,0.194518,0.167738,-11232,12664,12108,10984,-1460,-1259
1388, 615,-6.95024,7.49446,7.23074,6.55466,0.190387,0.167472,-11596,12504,12064,10936,-1429,-1257
1389, 620,-6.78721,7.6479,7.29547,6.66734,0.187323,0.163874,-11324,12760,12172,11124,-1406,-1230
1390, 620,-6.93825,7.42973,7.03895,6.54986,0.185058,0.156014,-11576,12396,11744,10928,-1389,-1171
1391, 621,-6.81838,7.39617,7.09888,6.83276,0.179196,0.154415,-11376,12340,11844,11400,-1345,-1159
1392, 623,-6.89989,7.4585,7.24992,6.58343,0.172534,0.14762,-11512,12444,12096,10984,-1295,-1108
1393, 626,-6.77283,7.53762,7.02696,6.80879,0.172934,0.142557,-11300,12576,11724,11360,-1298,-1070
1394, 627,-7.24513,7.39856,7.23314,6.7081,0.164407,0.138294,-12088,12344,12068,11192,-1234,-1038
1395, 627,-6.83037,7.47049,7.11327,6.93106,0.155481,0.127902,-11396,12464,11868,11564,-1167,-960
1396, 628,-7.06292,7.1756,7.22115,6.71529,0.14842,0.119775,-11784,11972,12048,11204,-1114,-899
1397, 634,-6.61459,7.81572,7.14683,6.94544,0.140959,0.111515,-11036,13040,11924,11588,-1058,-837
1398, 635,-7.28588,7.07491,6.76563,6.8975,0.127236,0.102855,-12156,11804,11288,11508,-955,-772
1399, 633,-6.91428,7.42973,7.04134,6.78242,0.115511,0.0888652,-11536,12396,11748,11316,-867,-667
1400, 628,-7.14443,7.40336,7.15163,6.72728,0.106718,0.0851348,-11920,12352,11932,11224,-801,-639
1401, 636,-6.81598,7.59995,7.07491,6.78481,0.106718,0.0819372,-11372,12680,11804,11320,-801,-615
1402, 637,-7.19958,7.29068,6.84955,6.88311,0.103387,0.0768744,-12012,12164,11428,11484,-776,-577
1403, 638,-7.22355,7.24273,7.04374,6.76324,0.0975253,0.069147,-12052,12084,11752,11284,-732,-519
1404, 638,-7.14923,7.33863,7.10128,6.83996,0.0804717,0.0550245,-11928,12244,11848,11412,-604,-413
1405, 639,-7.1756,7.41295,7.16841,6.67933,0.0763415,0.0463645,-11972,12368,11960,11144,-573,-348
1406, 639,-6.91907,7.32664,7.05093,6.73207,0.0704793,0.0410352,-11544,12224,11764,11232,-529,-308
1407, 639,-7.08929,7.36021,7.0797,6.77283,0.0618193,0.033441,-11828,12280,11812,11300,-464,-251
1408, 640,-6.98141,7.48248,7.12286,6.69611,0.0584885,0.0341072,-11648,12484,11884,11172,-439,-256
1409, 640,-7.0773,7.38178,6.96462,6.82797,0.0559571,0.0306432,-11808,12316,11620,11392,-420,-230
1410, 643,-6.92626,7.42494,7.18279,6.78961,0.0511608,0.0249142,-11556,12388,11984,11328,-384,-187
1411, 643,-7.18759,7.2739,6.80879,6.9838,0.0440995,0.0137228,-11992,12136,11360,11652,-331,-103
1412, 644,-7.0797,7.31465,7.14923,6.72728,0.033974,0.00439663,-11812,12204,11928,11224,-255,-33
1413, 642,-7.08929,7.19958,6.87592,7.01018,0.0253139,-0.00266462,-11828,12012,11472,11696,-190,20
1414, 643,-7.07011,7.37699,7.14683,6.72728,0.0175865,-0.00746095,-11796,12308,11924,11224,-132,56
1415, 643,-7.05813,7.25951,6.7944,6.87352,0.0162542,-0.0134564,-11776,12112,11336,11468,-122,101
1416, 643,-7.08929,7.39137,7.01737,6.82317,0.0130567,-0.0146554,-11828,12332,11708,11384,-98,110
1417, 642,-7.04374,7.4561,7.08929,6.7992,0.00945942,-0.0175865,-11752,12440,11828,11344,-71,132
1418, 642,-6.93106,7.44891,6.97421,6.87112,0.00586217,-0.0169204,-11564,12428,11636,11464,-44,127
1419, 640,-6.91907,7.44412,7.19478,6.65535,0.0106585,-0.0170536,-11544,12420,12004,11104,-80,128
1420, 642,-6.92147,7.43692,7.1756,6.62898,0.0113247,-0.0142557,-11548,12408,11972,11060,-85,107
1421, 645,-6.91428,7.47049,7.13484,6.75604,0.0107917,-0.0127902,-11536,12464,11904,11272,-81,96
1422, 642,-7.05333,7.27869,7.05333,6.82078,0.0129234,-0.0179862,-11768,12144,11768,11380,-97,135
1423, 642,-6.991,7.42254,7.09648,6.80639,0.00386371,-0.0177198,-11664,12384,11840,11356,-29,133
1424, 642,-7.03415,7.44172,7.23074,6.67213,0.00746095,-0.0194518,-11736,12416,12064,11132,-56,146
1425, 641,-6.8951,7.42733,7.19238,6.75844,0.00626187,-0.0214502,-11504,12392,12000,11276,-47,161
1426, 641,-7.15882,7.29547,7.06532,6.68652,0.00772741,-0.0235819,-11944,12172,11788,11156,-58,177
1427, 643,-6.93825,7.38658,7.20197,6.78002,0.00333078,-0.0245145,-11576,12324,12016,11312,-25,184
1428, 642,-7.04614,7.29787,7.15163,6.61459,0.00359724,-0.019585,-11756,12176,11932,11036,-27,147
1429, 642,-7.00778,7.44651,7.10607,6.72248,0.00559571,-0.0211838,-11692,12424,11856,11216,-42,159
1430, 644,-7.10607,7.33623,7.02456,6.84235,0.00226493,-0.024781,-11856,12240,11720,11416,-17,186
1431, 640,-7.01737,7.44412,7.09648,6.86633,0.00306432,-0.026513,-11708,12420,11840,11456,-23,199
1432, 642,-7.04614,7.38897,7.19238,6.68172,0.000666156,-0.0249142,-11756,12328,12000,11148,-5,187
1433, 641,-6.94065,7.38897,6.96223,6.82078,0.00346401,-0.0258469,-11580,12328,11616,11380,-26,194
1434, 643,-6.93585,7.38897,7.19718,6.74166,0.000932619,-0.0266462,-11572,12328,12008,11248,-7,200
1435, 641,-7.10368,7.38897,7.16361,6.84475,-0.00146554,-0.0297106,-11852,12328,11952,11420,11,223
1436, 641,-6.93106,7.36979,7.2667,6.62179,-0.00706126,-0.0311761,-11564,12296,12124,11048,53,234
1437, 640,-6.85914,7.43932,7.05573,6.72248,-0.00439663,-0.0297106,-11444,12412,11772,11216,33,223
1438, 641,-6.95503,7.48008,7.13724,6.73687,-0.00692802,-0.0358392,-11604,12480,11908,11240,52,269
1439, 641,-7.10368,7.32185,7.02216,6.92147,-0.00799387,-0.0337075,-11852,12216,11716,11548,60,253
1440, 635,-7.03415,7.4609,7.11087,6.64576,-0.00839357,-0.03917,-11736,12448,11864,11088,63,294
1441, 639,-6.74885,7.51364,7.17081,6.6122,-0.00559571,-0.0342404,-11260,12536,11964,11032,42,257
1442, 639,-6.9862,7.44891,7.178,6.68172,-0.00439663,-0.032242,-11656,12428,11976,11148,33,242
1443, 639,-6.93585,7.4585,7.16361,6.60261,-0.00532925,-0.0306432,-11572,12444,11952,11016,40,230
1444, 639,-6.90469,7.48487,7.11327,6.75365,-0.00492956,-0.0338407,-11520,12488,11868,11268,37,254
1445, 640,-7.06532,7.30746,7.02456,6.7033,-0.00399694,-0.03051,-11788,12192,11720,11184,30,229
1446, 639,-6.93106,7.38178,6.99579,6.83037,-0.0063951,-0.031709,-11564,12316,11672,11396,48,238
1447, 639,-6.9838,7.41295,7.08929,6.64097,-0.0102588,-0.035706,-11652,12368,11828,11080,77,268
1448, 641,-6.91907,7.40815,7.15163,6.76084,-0.0106585,-0.0355727,-11544,12360,11932,11280,80,267
1449, 640,-7.06532,7.40096,7.09169,6.71769,-0.00985911,-0.0397029,-11788,12348,11832,11208,74,298
1450, 638,-6.95264,7.40815,7.0845,6.74885,-0.016121,-0.0454319,-11600,12360,11820,11260,121,341
1451, 637,-6.89989,7.49926,7.18519,6.66254,-0.017853,-0.0423675,-11512,12512,11988,11116,134,318
1452, 638,-6.90948,7.47049,7.21875,6.67453,-0.0119908,-0.0382374,-11528,12464,12044,11136,90,287
1453, 637,-6.94544,7.41295,7.20197,6.63617,-0.00919296,-0.0313093,-11588,12368,12016,11072,69,235
1454, 636,-6.93825,7.44651,7.0845,6.66494,-0.00652833,-0.0325084,-11576,12424,11820,11120,49,244
1455, 639,-6.92147,7.51125,7.19958,6.64097,-0.00999234,-0.031709,-11548,12532,12012,11080,75,238
1456, 637,-6.95264,7.40576,7.13245,6.71769,-0.00652833,-0.037438,-11600,12356,11900,11208,49,281
1457, 636,-6.94544,7.43932,7.24992,6.64816,-0.00892649,-0.0347734,-11588,12412,12096,11092,67,261
1458, 636,-6.83516,7.4609,7.33383,6.58583,-0.00772741,-0.0297106,-11404,12448,12236,10988,58,223
1459, 636,-6.90229,7.42733,7.13245,6.71529,-0.00146554,-0.0302435,-11516,12392,11900,11204,11,227
1460, 638,-6.90948,7.42973,7.2691,6.7081,-0.000399694,-0.0267795,-11528,12396,12128,11192,3,201
1461, 635,-6.93346,7.42733,7.12046,6.81119,-0.00159877,-0.0279786,-11568,12392,11880,11364,12,210
1462, 635,-6.86633,7.45371,7.18519,6.67213,0.00226493,-0.0271792,-11456,12436,11988,11132,-17,204
1463, 633,-6.8951,7.47049,7.24273,6.65295,0.00266462,-0.0199847,-11504,12464,12084,11100,-20,150
1464, 636,-6.83996,7.49926,7.24752,6.6098,0.00732772,-0.0169204,-11412,12512,12092,11028,-55,127
1465, 635,-6.86873,7.44172,7.16841,6.65056,0.0101256,-0.0169204,-11460,12416,11960,11096,-76,127
1466, 633,-6.87832,7.51604,7.13484,6.73447,0.0137228,-0.0130567,-11476,12540,11904,11236,-103,98
1467, 636,-7.01737,7.45131,7.16601,6.71289,0.00826034,-0.0169204,-11708,12432,11956,11200,-62,127
1468, 635,-6.95743,7.45131,7.10128,6.81838,0.0141225,-0.012124,-11608,12432,11848,11376,-106,91
1469, 636,-6.90708,7.42973,7.13724,6.68652,0.0107917,-0.0169204,-11524,12396,11908,11156,-81,127
1470, 634,-6.92387,7.48248,7.10368,6.68652,0.00985911,-0.0175865,-11552,12484,11852,11156,-74,132
1471, 634,-6.84955,7.56159,7.28349,6.6074,0.0105253,-0.0158545,-11428,12616,12152,11024,-79,119
1472, 636,-6.94544,7.42254,7.11566,6.74646,0.00839357,-0.0154548,-11588,12384,11872,11256,-63,116
1473, 634,-6.88551,7.47528,7.19478,6.73447,0.0131899,-0.0131899,-11488,12472,12004,11236,-99,99
1474, 634,-6.95983,7.47289,7.24992,6.64097,0.00959265,-0.0170536,-11612,12468,12096,11080,-72,128
1475, 635,-6.88071,7.47289,7.19958,6.67453,0.0106585,-0.0141225,-11480,12468,12012,11136,-80,106
1476, 634,-6.88551,7.43213,7.32904,6.69371,0.0158545,-0.0115911,-11488,12400,12228,11168,-119,87
1477, 635,-6.95264,7.48967,7.11566,6.7009,0.0177198,-0.0117243,-11600,12496,11872,11180,-133,88
1478, 634,-6.94544,7.48967,7.23074,6.68172,0.0150551,-0.0106585,-11588,12496,12064,11148,-113,80
1479, 634,-6.83516,7.4633,7.0845,6.7033,0.0165207,-0.00919296,-11404,12452,11820,11184,-124,69
1480, 634,-6.88311,7.49686,7.09409,6.69371,0.0175865,-0.00759418,-11484,12508,11836,11168,-132,57
1481, 635,-6.92866,7.43932,7.16841,6.72008,0.0137228,-0.0133231,-11560,12412,11960,11212,-103,100
1482, 631,-6.87832,7.49686,7.18759,6.74646,0.0133231,-0.00932619,-11476,12508,11992,11256,-100,70
1483, 635,-6.8975,7.47289,7.13724,6.55226,0.0173201,-0.012124,-11508,12468,11908,10932,-130,91
1484, 634,-6.91428,7.42494,7.02936,6.71289,0.016121,-0.00985911,-11536,12388,11728,11200,-121,74
1485, 634,-6.95983,7.4561,7.27629,6.64576,0.0141225,-0.0137228,-11612,12440,12140,11088,-106,103
1486, 634,-6.91188,7.49446,7.18519,6.67453,0.0130567,-0.0122573,-11532,12504,11988,11136,-98,92
1487, 634,-6.91428,7.43213,7.11806,6.71049,0.0157213,-0.00985911,-11536,12400,11876,11196,-118,74
1488, 635,-6.85914,7.4561,7.10128,6.69851,0.012124,-0.0106585,-11444,12440,11848,11176,-91,80
1489, 634,-7.00778,7.4609,7.10847,6.68892,0.0137228,-0.0118576,-11692,12448,11860,11160,-103,89
1490, 634,-6.90708,7.48967,7.15163,6.73926,0.0127902,-0.0122573,-11524,12496,11932,11244,-96,92
1491, 635,-6.96462,7.4585,7.13964,6.66015,0.010392,-0.0158545,-11620,12444,11912,11112,-78,119
1492, 635,-6.87352,7.4561,7.178,6.65775,0.00932619,-0.0169204,-11468,12440,11976,11108,-70,127
1493, 629,-6.88791,7.52083,7.14683,6.67693,0.0122573,-0.0123905,-11492,12548,11924,11140,-92,93
1494, 633,-6.80879,7.51364,7.29068,6.5115,0.0141225,-0.012657,-11360,12536,12164,10864,-106,95
1495, 634,-6.82557,7.51364,7.14204,6.65535,0.0173201,-0.00532925,-11388,12536,11916,11104,-130,40
1496, 633,-6.92866,7.42973,7.11566,6.76324,0.0185191,-0.00799387,-11560,12396,11872,11284,-139,60
1497, 636,-6.88311,7.50645,7.13724,6.68652,0.0170536,-0.0114579,-11484,12524,11908,11156,-128,86
1498, 632,-7.03175,7.365,7.01257,6.73207,0.0134564,-0.0154548,-11732,12288,11700,11232,-101,116
1499, 635,-6.90708,7.43692,7.18519,6.65295,0.010392,-0.0150551,-11524,12408,11988,11100,-78,113
1500, 636,-6.94544,7.44412,7.09409,6.71049,0.0119908,-0.0141225,-11588,12420,11836,11196,-90,106
1501, 635,-6.94784,7.44651,7.19958,6.75604,0.0107917,-0.0153216,-11592,12424,12012,11272,-81,115
1502, 635,-6.92866,7.33863,7.18999,6.69371,0.00719449,-0.0199847,-11560,12244,11996,11168,-54,150
1503, 634,-6.97901,7.48008,7.15642,6.63377,0.00386371,-0.0225161,-11644,12480,11940,11068,-29,169
1504, 634,-6.97182,7.47289,7.12046,6.69851,0.00492956,-0.0217167,-11632,12468,11880,11176,-37,163
1505, 636,-6.90708,7.44651,7.15402,6.69371,0.00479632,-0.0227825,-11524,12424,11936,11168,-36,171
1506, 636,-6.94784,7.42973,7.07491,6.78721,0.00293109,-0.0287779,-11592,12396,11804,11324,-22,216
1507, 632,-6.90469,7.49926,7.31226,6.56185,0.000666156,-0.0266462,-11520,12512,12200,10948,-5,200
1508, 633,-6.24059,7.97875,7.81812,6.14949,0.0310429,0.0149219,-10412,13312,13044,10260,-233,-112
1509, 633,-5.91693,8.19692,8.03629,5.97687,0.0953936,0.0856677,-9872,13676,13408,9972,-716,-643
1510, 637,-6.24778,7.90443,7.78935,6.20463,0.162409,0.145489,-10424,13188,12996,10352,-1219,-1092
1511, 638,-6.58822,7.68386,7.49926,6.57144,0.20451,0.183459,-10992,12820,12512,10964,-1535,-1377
1512, 637,-6.7968,7.49686,7.36021,6.54267,0.222496,0.203711,-11340,12508,12280,10916,-1670,-1529
1513, 644,-6.84235,7.45131,7.16841,6.7033,0.234087,0.20944,-11416,12432,11960,11184,-1757,-1572
1514, 642,-7.09888,7.34822,6.97182,6.81119,0.235686,0.20904,-11844,12260,11632,11364,-1769,-1569
1515, 643,-7.04854,7.43692,7.15402,6.78002,0.231556,0.208507,-11760,12408,11936,11312,-1738,-1565
1516, 644,-6.92626,7.40096,7.18279,6.72008,0.23089,0.205443,-11556,12348,11984,11212,-1733,-1542
1517, 650,-6.8016,7.52803,7.28109,6.61459,0.244346,0.225427,-11348,12560,12148,11036,-1834,-1692
1518, 652,-6.63617,7.59516,7.41055,6.53308,0.272724,0.250741,-11072,12672,12364,10900,-2047,-1882
1519, 655,-6.59542,7.56878,7.39856,6.52829,0.306032,0.285381,-11004,12628,12344,10892,-2297,-2142
1520, 654,-6.83516,7.50405,7.15642,6.69371,0.332678,0.312161,-11404,12520,11940,11168,-2497,-2343
1521, 661,-6.90469,7.4585,7.24752,6.67933,0.349066,0.326283,-11520,12444,12092,11144,-2620,-2449
1522, 661,-7.32424,7.01497,6.605,7.19958,0.341205,0.312694,-12220,11704,11020,12012,-2561,-2347
1523, 662,-7.36021,7.00298,6.65775,7.10847,0.315492,0.289911,-12280,11684,11108,11860,-2368,-2176
1524, 662,-7.59276,6.81358,6.34368,7.28109,0.290444,0.268061,-12668,11368,10584,12148,-2180,-2012
1525, 670,-7.44891,6.9838,6.53548,7.22595,0.269926,0.240882,-12428,11652,10904,12056,-2026,-1808
1526, 669,-7.68626,6.81838,6.36286,7.30746,0.236619,0.210372,-12824,11376,10616,12192,-1776,-1579
1527, 667,-7.95957,6.84475,6.30292,7.44891,0.191054,0.158145,-13280,11420,10516,12428,-1434,-1187
1528, 671,-8.01231,6.63857,6.31012,7.34822,0.142025,0.106052,-13368,11076,10528,12260,-1066,-796
1529, 677,-7.87326,6.61939,6.36526,7.42733,0.0932619,0.0588882,-13136,11044,10620,12392,-700,-442
1530, 680,-7.6455,6.75604,6.14469,7.9284,0.0429005,0.000932619,-12756,11272,10252,13228,-322,-7
1531, 678,-8.4079,6.39643,6.07756,7.46569,-0.0286447,-0.0670153,-14028,10672,10140,12456,215,503
1532, 678,-7.81572,6.80639,6.02961,7.82052,-0.0842021,-0.125637,-13040,11356,10060,13048,632,943
1533, 673,-8.14417,6.37725,6.11353,7.25951,-0.14349,-0.176398,-13588,10640,10200,12112,1077,1324
1534, 672,-7.52563,7.03895,6.43958,7.57118,-0.184392,-0.219165,-12556,11744,10744,12632,1384,1645
1535, 671,-7.94998,6.56185,6.27176,7.07011,-0.226626,-0.257536,-13264,10948,10464,11796,1701,1933
1536, 671,-7.38897,7.0797,6.50911,7.23074,-0.251807,-0.289245,-12328,11812,10860,12064,1890,2171
1537, 666,-7.67427,6.85194,6.29573,7.43213,-0.286714,-0.316557,-12804,11432,10504,12400,2152,2376
1538, 662,-7.71023,7.1732,6.92866,6.95743,-0.309763,-0.345069,-12864,11968,11560,11608,2325,2590
1539, 665,-7.35541,7.06052,6.33409,7.32424,-0.337075,-0.368917,-12272,11780,10568,12220,2530,2769
1540, 662,-7.50405,6.85194,7.01018,6.73687,-0.360657,-0.390634,-12520,11432,11696,11240,2707,2932
1541, 656,-6.97182,7.18759,6.30053,7.35301,-0.379443,-0.415681,-11632,11992,10512,12268,2848,3120
1542, 654,-7.25232,7.06532,6.88311,6.8975,-0.404623,-0.433668,-12100,11788,11484,11508,3037,3255
1543, 653,-6.96942,7.41535,6.93585,6.97661,-0.414216,-0.453253,-11628,12372,11572,11640,3109,3402
1544, 653,-7.35781,7.16361,6.76084,6.73926,-0.431802,-0.458848,-12276,11952,11280,11244,3241,3444
1545, 639,-6.91428,7.39617,7.13964,6.96223,-0.437665,-0.471505,-11536,12340,11912,11616,3285,3539
1546, 633,-7.11566,7.31465,7.29547,6.35327,-0.444992,-0.473504,-11872,12204,12172,10600,3340,3554
1547, 636,-6.50431,7.77017,7.14683,6.45396,-0.438597,-0.470706,-10852,12964,11924,10768,3292,3533
1548, 635,-6.81838,7.64311,7.22595,6.50431,-0.436466,-0.46551,-11376,12752,12056,10852,3276,3494
1549, 622,-6.66254,7.6503,7.42973,6.71289,-0.436599,-0.463911,-11116,12764,12396,11200,3277,3482
1550, 620,-6.72488,7.52323,7.34342,6.17346,-0.428738,-0.455518,-11220,12552,12252,10300,3218,3419
1551, 621,-6.44437,7.50645,7.29787,6.40362,-0.416081,-0.449123,-10752,12524,12176,10684,3123,3371
1552, 615,-6.55226,7.87806,7.6527,6.56904,-0.406622,-0.439263,-10932,13144,12768,10960,3052,3297
1553, 603,-6.8951,7.65509,7.78216,5.9457,-0.39956,-0.425274,-11504,12772,12984,9920,2999,3192
1554, 602,-6.14709,7.73181,7.34822,6.26217,-0.379043,-0.407155,-10256,12900,12260,10448,2845,3056
1555, 601,-6.35087,8.04348,7.91162,5.93372,-0.358525,-0.386104,-10596,13420,13200,9900,2691,2898
1556, 602,-6.53308,7.81812,7.71743,6.33169,-0.334943,-0.365853,-10900,13044,12876,10564,2514,2746
1557, 591,-6.42999,7.78935,7.60714,6.1399,-0.325617,-0.349332,-10728,12996,12692,10244,2444,2622
1558, 590,-6.1399,7.94998,7.59755,6.16627,-0.310162,-0.331746,-10244,13264,12676,10288,2328,2490
1559, 588,-6.33409,8.06266,7.8397,5.94331,-0.285381,-0.309096,-10568,13452,13080,9916,2142,2320
1560, 587,-6.08715,8.18733,7.94758,5.9505,-0.263665,-0.286447,-10156,13660,13260,9928,1979,2150
1561, 577,-6.08476,7.82771,7.60954,6.46835,-0.242481,-0.264331,-10152,13060,12696,10792,1820,1984
1562, 579,-6.07756,8.41029,8.34796,5.58848,-0.216368,-0.238884,-10140,14032,13928,9324,1624,1793
1563, 579,-5.82343,8.3096,7.9332,6.35327,-0.187723,-0.212371,-9716,13864,13236,10600,1409,1594
1564, 579,-6.38684,7.78456,8.0243,5.61725,-0.16041,-0.184525,-10656,12988,13388,9372,1204,1385
1565, 573,-5.63883,8.27124,7.81572,6.30053,-0.132565,-0.162409,-9408,13800,13040,10512,995,1219
1566, 573,-6.17826,8.08664,8.16575,5.56451,-0.108583,-0.129234,-10308,13492,13624,9284,815,970
1567, 571,-5.76829,8.35755,8.01471,6.20703,-0.0768744,-0.0985911,-9624,13944,13372,10356,577,740
1568, 571,-6.14709,8.07465,8.24247,5.46621,-0.046098,-0.0615528,-10256,13472,13752,9120,346,462
1569, 569,-5.64602,8.53017,8.0219,6.12072,-0.00492956,-0.0310429,-9420,14232,13384,10212,37,233
1570, 569,-6.21422,7.96916,8.18014,5.74432,0.0193185,-0.000666156,-10368,13296,13648,9584,-145,5
1571, 572,-5.69157,8.39831,7.96676,5.83063,0.0531593,0.0331746,-9496,14012,13292,9728,-399,-249
1572, 568,-6.14469,8.08903,8.03389,5.68198,0.0868668,0.0667489,-10252,13496,13404,9480,-652,-501
1573, 567,-6.09914,8.17774,7.97635,5.87138,0.120041,0.0969923,-10176,13644,13308,9796,-901,-728
1574, 573,-6.14469,8.07944,8.14897,5.857,0.150818,0.131366,-10252,13480,13596,9772,-1132,-986
1575, 572,-6.02722,8.15137,7.84209,6.03681,0.178796,0.160677,-10056,13600,13084,10072,-1342,-1206
1576, 574,-6.01283,8.0243,7.97875,5.96488,0.207041,0.183992,-10032,13388,13312,9952,-1554,-1381
1577, 581,-6.07277,8.09862,7.84689,6.01523,0.234354,0.2169,-10132,13512,13092,10036,-1759,-1628
1578, 579,-6.34848,7.86367,7.68866,6.25258,0.250741,0.230357,-10592,13120,12828,10432,-1882,-1729
1579, 580,-6.3245,7.92601,7.7438,6.044,0.259401,0.239949,-10552,13224,12920,10084,-1947,-1801
1580, 582,-6.25977,7.86847,7.739,6.1375,0.277521,0.251674,-10444,13128,12912,10240,-2083,-1889
1581, 586,-6.36046,7.88045,7.6479,6.19264,0.28738,0.266462,-10612,13148,12760,10332,-2157,-2000
1582, 587,-6.5163,7.82531,7.48727,6.35807,0.296839,0.271525,-10872,13056,12492,10608,-2228,-2038
1583, 587,-6.39882,7.82052,7.60714,6.24539,0.306432,0.28325,-10676,13048,12692,10420,-2300,-2126
1584, 589,-6.39163,7.8349,7.61434,6.24059,0.315358,0.295773,-10664,13072,12704,10412,-2367,-2220
1585, 600,-6.41081,7.87566,7.65749,6.18065,0.337342,0.314559,-10696,13140,12776,10312,-2532,-2361
1586, 600,-6.55706,7.68866,7.33383,6.45157,0.347734,0.323086,-10940,12828,12236,10764,-2610,-2425
1587, 600,-6.56185,7.739,7.51125,6.25258,0.357992,0.331746,-10948,12912,12532,10432,-2687,-2490
1588, 599,-6.48993,7.73661,7.38658,6.37964,0.364654,0.342538,-10828,12908,12324,10644,-2737,-2571
1589, 609,-6.43718,7.8325,7.71263,6.14469,0.379176,0.359724,-10740,13068,12868,10252,-2846,-2700
1590, 612,-6.5139,7.8397,7.50166,6.35087,0.40076,0.379842,-10868,13080,12516,10596,-3008,-2851
1591, 611,-6.48034,7.81093,7.67427,6.19504,0.428871,0.410752,-10812,13032,12804,10336,-3219,-3083
1592, 611,-6.28135,7.84449,7.89484,6.08715,0.462179,0.448456,-10480,13088,13172,10156,-3469,-3366
1593, 625,-6.16387,7.94519,7.84929,6.14709,0.504413,0.49602,-10284,13256,13096,10256,-3786,-3723
1594, 629,-6.64336,7.59995,7.31945,6.56665,0.547047,0.52573,-11084,12680,12212,10956,-4106,-3946
1595, 630,-6.7992,7.3674,7.2691,6.55945,0.560104,0.536256,-11344,12292,12128,10944,-4204,-4025
1596, 631,-7.08689,7.23793,6.81838,6.87592,0.557839,0.533458,-11824,12076,11376,11472,-4187,-4004
1597, 647,-7.19238,7.22115,6.84475,6.87592,0.544783,0.520268,-12000,12048,11420,11472,-4089,-3905
1598, 649,-7.73661,6.68652,6.3269,7.24033,0.514139,0.486694,-12908,11156,10556,12080,-3859,-3653
1599, 651,-7.84929,6.78242,6.39882,7.27629,0.471505,0.442194,-13096,11316,10676,12140,-3539,-3319
1600, 650,-7.77736,6.87352,6.47554,7.25232,0.419945,0.395031,-12976,11468,10804,12100,-3152,-2965
1601, 663,-7.49686,7.178,6.74885,7.09169,0.377977,0.350132,-12508,11976,11260,11832,-2837,-2628
1602, 664,-8.09383,6.42759,6.01763,7.50405,0.336809,0.305366,-13504,10724,10040,12520,-2528,-2292
1603, 663,-7.59036,6.96942,6.38204,7.59276,0.290311,0.256204,-12664,11628,10648,12668,-2179,-1923
1604, 662,-7.78456,6.54027,6.13271,7.36979,0.235286,0.203444,-12988,10912,10232,12296,-1766,-1527
1605, 669,-7.87086,6.65535,6.28375,7.41774,0.18759,0.153216,-13132,11104,10484,12376,-1408,-1150
1606, 671,-8.52058,6.24059,5.88097,7.59276,0.125237,0.0943277,-14216,10412,9812,12668,-940,-708
1607, 671,-8.39111,6.29094,5.84741,7.64311,0.05649,0.0139893,-14000,10496,9756,12752,-424,-105
1608, 666,-8.47023,6.24299,5.97208,7.58796,-0.0183859,-0.0618193,-14132,10416,9964,12660,138,464
1609, 669,-8.34556,6.7944,6.06797,7.44651,-0.0919296,-0.129767,-13924,11336,10124,12424,690,974
1610, 668,-8.17055,6.7033,6.07756,7.75099,-0.158012,-0.20038,-13632,11184,10140,12932,1186,1504
1611, 665,-7.76298,6.75365,6.26457,7.3674,-0.218632,-0.255804,-12952,11268,10452,12292,1641,1920
1612, 667,-7.82771,6.605,6.04879,7.64071,-0.267928,-0.302835,-13060,11020,10092,12748,2011,2273
1613, 664,-7.92121,6.79201,6.49232,7.30506,-0.314026,-0.354795,-13216,11332,10832,12188,2357,2663
1614, 661,-7.63831,6.62179,6.14949,7.48487,-0.359058,-0.394098,-12744,11048,10260,12488,2695,2958
1615, 662,-7.65509,6.65535,6.37245,7.21396,-0.397296,-0.433534,-12772,11104,10632,12036,2982,3254
1616, 663,-7.35541,7.07251,6.63857,7.43453,-0.432469,-0.469107,-12272,11800,11076,12404,3246,3521
1617, 651,-7.39377,7.07491,6.88311,7.06292,-0.46511,-0.499884,-12336,11804,11484,11784,3491,3752
1618, 649,-7.88765,6.58822,6.62658,6.85194,-0.492156,-0.524531,-13160,10992,11056,11432,3694,3937
1619, 648,-6.40122,7.62632,6.4252,7.34582,-0.510009,-0.549979,-10680,12724,10720,12256,3828,4128
1620, 650,-8.11061,6.37005,6.56665,6.64336,-0.541452,-0.576625,-13532,10628,10956,11084,4064,4328
1621, 631,-6.6098,7.68146,6.94305,7.30267,-0.563035,-0.603804,-11028,12816,11584,12184,4226,4532
1622, 628,-7.43453,7.02936,7.2691,6.14949,-0.590481,-0.616194,-12404,11728,12128,10260,4432,4625
1623, 628,-6.21422,8.00272,7.70064,6.6122,-0.580888,-0.617127,-10368,13352,12848,11032,4360,4632
1624, 624,-6.95983,7.14204,6.82797,6.25498,-0.58342,-0.616861,-11612,11916,11392,10436,4379,4630
1625, 607,-6.66494,7.75099,7.30506,6.66974,-0.594211,-0.629118,-11120,12932,12188,11128,4460,4722
1626, 604,-6.48993,7.81333,8.03629,5.96249,-0.590614,-0.621124,-10828,13036,13408,9948,4433,4662
1627, 604,-5.91214,7.94758,7.2739,6.57863,-0.575559,-0.601139,-9864,13260,12136,10976,4320,4512
1628, 598,-6.80399,7.82052,7.62632,6.11113,-0.556107,-0.587283,-11352,13048,12724,10196,4174,4408
1629, 586,-6.26217,8.01231,7.50405,6.13271,-0.546248,-0.572361,-10448,13368,12520,10232,4100,4296
1630, 581,-6.20223,7.97635,8.04108,5.57649,-0.524798,-0.547847,-10348,13308,13416,9304,3939,4112
1631, 583,-5.65082,8.79389,7.94998,6.16147,-0.488159,-0.513473,-9428,14672,13264,10280,3664,3854
1632, 582,-6.50911,8.01231,7.9308,5.89775,-0.457649,-0.486427,-10860,13368,13232,9840,3435,3651
1633, 571,-6.22381,8.15137,7.95717,5.53813,-0.43953,-0.466975,-10384,13600,13276,9240,3299,3505
1634, 564,-5.90495,8.15856,8.17055,5.68917,-0.423675,-0.446058,-9852,13612,13632,9492,3180,3348
1635, 564,-6.044,8.42468,8.32159,5.80425,-0.390767,-0.414083,-10084,14056,13884,9684,2933,3108
1636, 564,-6.05119,8.18973,8.09623,5.51896,-0.359191,-0.387703,-10096,13664,13508,9208,2696,2910
1637, 552,-5.6628,8.32878,8.15856,5.65321,-0.331479,-0.354395,-9448,13896,13612,9432,2488,2660
1638, 551,-5.77309,8.20411,8.1178,5.83302,-0.302835,-0.322153,-9632,13688,13544,9732,2273,2418
1639, 549,-5.37031,8.47742,8.35275,5.58369,-0.262732,-0.281784,-8960,14144,13936,9316,1972,2115
1640, 551,-5.94331,8.25686,7.94758,5.42545,-0.227959,-0.247677,-9916,13776,13260,9052,1711,1859
1641, 539,-5.4782,8.51578,7.96676,5.98886,-0.197982,-0.224361,-9140,14208,13292,9992,1486,1684
1642, 539,-5.82583,8.17534,8.11301,5.17612,-0.174,-0.189588,-9720,13640,13536,8636,1306,1423
1643, 538,-5.59807,8.5925,8.27364,5.25523,-0.133231,-0.152283,-9340,14336,13804,8768,1000,1143
1644, 539,-5.90734,8.42468,8.36234,5.89056,-0.0932619,-0.113646,-9856,14056,13952,9828,700,853
1645, 534,-6.25018,7.89004,8.54695,5.23366,-0.0588882,-0.0808714,-10428,13164,14260,8732,442,607
1646, 533,-4.78054,8.32398,8.22089,5.284,-0.0270459,-0.042634,-7976,13888,13716,8816,203,320
1647, 535,-5.79706,8.42228,8.33597,5.13057,0.0166539,-0.00612864,-9672,14052,13908,8560,-125,46
1648, 534,-5.77788,8.3096,7.54721,6.0392,0.0522266,0.0263798,-9640,13864,12592,10076,-392,-198
1649, 536,-6.04879,8.76272,8.82985,5.30318,0.0750092,0.0566233,-10092,14620,14732,8848,-563,-425
1650, 535,-5.48779,8.37193,7.94998,5.83782,0.105119,0.0812711,-9156,13968,13264,9740,-789,-610
1651, 534,-5.69876,8.33118,8.84903,5.15694,0.12657,0.111781,-9508,13900,14764,8604,-950,-839
1652, 534,-5.74671,8.13458,8.23048,5.78747,0.152017,0.133764,-9588,13572,13732,9656,-1141,-1004
1653, 539,-5.91454,8.46304,8.05547,5.72274,0.181461,0.154149,-9868,14120,13440,9548,-1362,-1157
1654, 541,-6.15428,8.2185,7.90922,5.81145,0.20411,0.180395,-10268,13712,13196,9696,-1532,-1354
1655, 543,-5.83302,8.23768,8.05547,5.7587,0.216101,0.197315,-9732,13744,13440,9608,-1622,-1481
1656, 542,-6.08236,8.00512,7.98834,5.72274,0.240216,0.213703,-10148,13356,13328,9548,-1803,-1604
1657, 544,-5.88097,8.27364,7.96197,5.89056,0.260067,0.241015,-9812,13804,13284,9828,-1952,-1809
1658, 549,-6.29333,7.9332,7.89004,5.88816,0.270726,0.244746,-10500,13236,13164,9824,-2032,-1837
1659, 551,-6.11592,8.07705,7.81093,6.08236,0.275256,0.251807,-10204,13476,13032,10148,-2066,-1890
1660, 551,-6.26217,8.0243,7.68146,5.95769,0.27379,0.252473,-10448,13388,12816,9940,-2055,-1895
1661, 558,-6.15908,8.00752,7.72941,6.06078,0.275922,0.255538,-10276,13360,12896,10112,-2071,-1918
1662, 557,-6.36046,7.91642,7.68626,6.07756,0.27832,0.254472,-10612,13208,12824,10140,-2089,-1910
1663, 559,-6.20463,8.00033,7.68146,6.01523,0.281118,0.258602,-10352,13348,12816,10036,-2110,-1941
1664, 560,-6.33889,7.91402,7.59755,6.18545,0.281651,0.254871,-10576,13204,12676,10320,-2114,-1913
1665, 567,-6.25258,8.00992,7.65509,6.12312,0.280185,0.255937,-10432,13364,12772,10216,-2103,-1921
1666, 572,-6.5139,7.75339,7.32424,6.33649,0.277387,0.250075,-10868,12936,12220,10572,-2082,-1877
1667, 569,-6.54986,7.8373,7.51364,6.37485,0.266729,0.239283,-10928,13076,12536,10636,-2002,-1796
1668, 571,-6.56425,7.80613,7.51844,6.25498,0.255538,0.233821,-10952,13024,12544,10436,-1918,-1755
1669, 580,-6.37725,7.86847,7.40815,6.3221,0.25607,0.23049,-10640,13128,12360,10548,-1922,-1730
1670, 582,-6.71289,7.6527,7.29308,6.34128,0.243946,0.221031,-11200,12768,12168,10580,-1831,-1659
1671, 580,-6.5187,7.77017,7.33623,6.39643,0.237285,0.208907,-10876,12964,12240,10672,-1781,-1568
1672, 582,-6.38444,7.78216,7.57358,6.12312,0.235819,0.211971,-10652,12984,12636,10216,-1770,-1591
1673, 587,-6.37485,7.89244,7.49446,6.30292,0.237818,0.215968,-10636,13168,12504,10516,-1785,-1621
1674, 585,-6.60021,7.76298,7.52803,6.41081,0.234887,0.210905,-11012,12952,12560,10696,-1763,-1583
1675, 586,-6.56904,7.80134,7.57358,6.25258,0.23875,0.213303,-10960,13016,12636,10432,-1792,-1601
1676, 587,-6.42759,7.7414,7.6527,6.13271,0.238617,0.214636,-10724,12916,12768,10232,-1791,-1611
1677, 594,-6.45396,7.67667,7.34822,6.27416,0.238351,0.2173,-10768,12808,12260,10468,-1789,-1631
1678, 596,-6.58103,7.7462,7.5544,6.43479,0.239683,0.215435,-10980,12924,12604,10736,-1799,-1617
1679, 597,-6.53308,7.8325,7.38897,6.4204,0.235286,0.211305,-10900,13068,12328,10712,-1766,-1586
1680, 598,-6.63377,7.60475,7.4561,6.44917,0.23009,0.207308,-11068,12688,12440,10760,-1727,-1556
1681, 602,-6.66015,7.65989,7.28588,6.56904,0.227159,0.200779,-11112,12780,12156,10960,-1705,-1507
1682, 603,-6.67693,7.75099,7.46809,6.418,0.223029,0.195317,-11140,12932,12460,10708,-1674,-1466
1683, 603,-6.80639,7.49446,7.11327,6.41321,0.215701,0.192253,-11356,12504,11868,10700,-1619,-1443
1684, 603,-6.67453,7.8325,7.44891,6.37964,0.215701,0.189055,-11136,13068,12428,10644,-1619,-1419
1685, 611,-6.72488,7.61673,7.28588,6.59542,0.212104,0.185058,-11220,12708,12156,11004,-1592,-1389
1686, 610,-6.84475,7.52083,7.23074,6.59542,0.208107,0.181861,-11420,12548,12064,11004,-1562,-1365
1687, 613,-7.06052,7.5496,7.44412,6.50191,0.200779,0.177864,-11780,12596,12420,10848,-1507,-1335
1688, 613,-6.7968,7.58796,7.18279,6.58822,0.193718,0.168804,-11340,12660,11984,10992,-1454,-1267
1689, 618,-6.80879,7.46809,7.17081,6.65775,0.188789,0.160943,-11360,12460,11964,11108,-1417,-1208
1690, 617,-6.8016,7.59516,7.22115,6.59302,0.179329,0.155481,-11348,12672,12048,11000,-1346,-1167
1691, 619,-6.91188,7.48248,6.90948,6.78242,0.172534,0.14762,-11532,12484,11528,11316,-1295,-1108
1692, 619,-6.90229,7.48008,7.33144,6.52109,0.167871,0.142824,-11516,12480,12232,10880,-1260,-1072
1693, 624,-6.8016,7.552,7.35781,6.57384,0.165606,0.137495,-11348,12600,12276,10968,-1243,-1032
1694, 624,-6.90708,7.25472,6.92147,6.88071,0.156813,0.1311,-11524,12104,11548,11480,-1177,-984
1695, 624,-7.11806,7.5496,7.26431,6.49952,0.153482,0.125504,-11876,12596,12120,10844,-1152,-942
1696, 624,-6.85194,7.34103,6.88311,6.8975,0.148286,0.121107,-11432,12248,11484,11508,-1113,-909
1697, 629,-7.1804,7.43213,7.41774,6.53308,0.140559,0.116977,-11980,12400,12376,10900,-1055,-878
1698, 633,-6.80879,7.51604,6.95983,6.9862,0.141492,0.113646,-11360,12540,11612,11656,-1062,-853
1699, 630,-7.23314,7.22834,7.16841,6.65535,0.126969,0.100323,-12068,12060,11960,11104,-953,-753
1700, 630,-6.17346,8.05307,7.56159,6.40602,0.154149,0.13936,-10300,13436,12616,10688,-1157,-1046
1701, 635,-6.14469,7.87566,8.15137,5.8546,0.205842,0.193319,-10252,13140,13600,9768,-1545,-1451
1702, 635,-5.71075,8.28802,8.06746,6.07756,0.277654,0.268061,-9528,13828,13460,10140,-2084,-2012
1703, 635,-5.92413,8.2185,8.13458,5.96249,0.356926,0.350132,-9884,13712,13572,9948,-2679,-2628
1704, 636,-6.15908,7.97635,7.96437,6.10154,0.425008,0.413949,-10276,13308,13288,10180,-3190,-3107
1705, 647,-6.06078,7.91402,7.69105,6.25498,0.491224,0.476701,-10112,13204,12832,10436,-3687,-3578
1706, 649,-6.64097,7.61673,7.40336,6.52349,0.530926,0.515472,-11080,12708,12352,10884,-3985,-3869
1707, 650,-6.87592,7.30267,7.29547,6.38923,0.555441,0.53892,-11472,12184,12172,10660,-4169,-4045
1708, 648,-6.69851,7.552,7.06771,6.87112,0.573427,0.552243,-11176,12600,11792,11464,-4304,-4145
1709, 663,-7.09169,7.35541,7.25951,6.56185,0.577691,0.562369,-11832,12272,12112,10948,-4336,-4221
1710, 665,-7.11087,7.11806,6.54747,7.11566,0.581288,0.554375,-11864,11876,10924,11872,-4363,-4161
1711, 665,-7.76058,6.66015,6.57144,7.14683,0.555974,0.532925,-12948,11112,10964,11924,-4173,-4000
1712, 666,-7.78935,6.61459,5.81624,7.59755,0.519735,0.485095,-12996,11036,9704,12676,-3901,-3641
1713, 685,-7.77257,6.65295,6.18785,7.3626,0.471639,0.44366,-12968,11100,10324,12284,-3540,-3330
1714, 689,-8.33357,6.52109,5.284,8.29042,0.418213,0.370916,-13904,10880,8816,13832,-3139,-2784
1715, 689,-8.9689,6.05119,5.35833,8.18733,0.315625,0.271126,-14964,10096,8940,13660,-2369,-2035
1716, 688,-8.70518,6.16387,5.49978,8.19932,0.206642,0.161077,-14524,10284,9176,13680,-1551,-1209
1717, 699,-8.25206,6.37725,6.10394,7.63112,0.131499,0.0951271,-13768,10640,10184,12732,-987,-714
1718, 696,-8.15376,6.35567,5.70116,7.87326,0.0666156,0.0311761,-13604,10604,9512,13136,-500,-234
1719, 697,-8.26405,6.38923,5.95529,7.69825,0.0129234,-0.0246478,-13788,10660,9936,12844,-97,185
1720, 700,-8.03629,6.43718,6.02961,7.68146,-0.0464977,-0.0815375,-13408,10740,10060,12816,349,612
1721, 697,-8.10582,6.56904,6.25258,7.63831,-0.0937948,-0.134697,-13524,10960,10432,12744,704,1011
1722, 696,-7.84449,6.46116,5.97447,7.57118,-0.133897,-0.172534,-13088,10780,9968,12632,1005,1295
1723, 696,-8.03149,6.64097,5.93611,7.7414,-0.176132,-0.2173,-13400,11080,9904,12916,1322,1631
1724, 695,-8.03389,6.56425,6.08476,7.80134,-0.224894,-0.261266,-13404,10952,10152,13016,1688,1961
1725, 690,-7.76538,6.81358,6.17106,7.70544,-0.268461,-0.304034,-12956,11368,10296,12856,2015,2282
1726, 689,-7.89963,6.67453,6.4204,7.1804,-0.30057,-0.332545,-13180,11136,10712,11980,2256,2496
1727, 688,-7.4609,7.01497,6.36046,7.42254,-0.326017,-0.36492,-12448,11704,10612,12384,2447,2739
1728, 686,-7.67667,6.6074,6.52349,7.38897,-0.358525,-0.393165,-12808,11024,10884,12328,2691,2951
1729, 678,-7.30267,6.99579,6.56904,7.20197,-0.383839,-0.419279,-12184,11672,10960,12016,2881,3147
1730, 671,-7.78695,6.75125,6.75604,7.0821,-0.409286,-0.439263,-12992,11264,11272,11816,3072,3297
1731, 669,-7.05333,7.39856,6.90948,6.97421,-0.419545,-0.446991,-11768,12344,11528,11636,3149,3355
1732, 671,-7.50645,6.83037,6.91428,7.00059,-0.428072,-0.46098,-12524,11396,11536,11680,3213,3460
1733, 664,-7.09888,7.43213,6.90469,6.96702,-0.439263,-0.474037,-11844,12400,11520,11624,3297,3558
1734, 660,-7.23314,6.90469,6.81358,6.96702,-0.453119,-0.479499,-12068,11520,11368,11624,3401,3599
1735, 658,-6.89989,7.37219,6.92387,6.95024,-0.460714,-0.488959,-11512,12300,11552,11596,3458,3670
1736, 658,-7.38178,7.04854,6.78481,6.58583,-0.462446,-0.494288,-12316,11760,11320,10988,3471,3710
1737, 646,-6.91428,7.35062,6.90948,6.8951,-0.472038,-0.501083,-11536,12264,11528,11504,3543,3761
1738, 641,-7.24273,7.37219,7.04854,6.49472,-0.470972,-0.502282,-12084,12300,11760,10836,3535,3770
1739, 643,-6.61939,7.85168,7.34103,6.63617,-0.468974,-0.499884,-11044,13100,12248,11072,3520,3752
1740, 639,-7.30027,7.0845,7.19958,6.3245,-0.46511,-0.492822,-12180,11820,12012,10552,3491,3699
1741, 626,-6.37245,7.80134,7.52083,6.37725,-0.459381,-0.487093,-10632,13016,12548,10640,3448,3656
1742, 624,-7.00059,7.45131,7.49207,6.3221,-0.454851,-0.479632,-11680,12432,12500,10548,3414,3600
1743, 621,-6.49472,7.80613,7.52803,6.39403,-0.437398,-0.466309,-10836,13024,12560,10668,3283,3500
1744, 620,-6.48753,7.71503,7.45371,6.52109,-0.424075,-0.45192,-10824,12872,12436,10880,3183,3392
1745, 608,-6.83037,7.82771,7.71743,6.31971,-0.407954,-0.440063,-11396,13060,12876,10544,3062,3303
1746, 605,-6.06797,7.76058,7.60235,6.3245,-0.390634,-0.416081,-10124,12948,12684,10552,2932,3123
1747, 605,-6.40841,7.91402,8.11301,5.67719,-0.367985,-0.388369,-10692,13204,13536,9472,2762,2915
1748, 607,-6.1351,7.87566,7.16361,6.69131,-0.33934,-0.367585,-10236,13140,11952,11164,2547,2759
1749, 595,-6.74885,7.86127,7.96916,6.00084,-0.321887,-0.345602,-11260,13116,13296,10012,2416,2594
1750, 594,-6.14709,7.82052,7.77976,6.20942,-0.307498,-0.330547,-10256,13048,12980,10360,2308,2481
1751, 591,-6.06558,8.28562,8.04588,5.76829,-0.278853,-0.3051,-10120,13824,13424,9624,2093,2290
1752, 590,-6.28375,7.81572,7.9284,6.00804,-0.25274,-0.278187,-10484,13040,13228,10024,1897,2088
1753, 584,-6.02961,8.18253,7.95717,6.18065,-0.223429,-0.252207,-10060,13652,13276,10312,1677,1893
1754, 583,-6.2334,7.99313,7.98354,5.74911,-0.202378,-0.223828,-10400,13336,13320,9592,1519,1680
1755, 584,-5.50697,8.48461,7.96676,6.21901,-0.173334,-0.19625,-9188,14156,13292,10376,1301,1473
1756, 580,-6.57624,7.65989,7.46569,6.00084,-0.148153,-0.169204,-10972,12780,12456,10012,1112,1270
1757, 577,-5.857,8.27604,7.96197,6.16867,-0.122173,-0.147887,-9772,13808,13284,10292,917,1110
1758, 577,-6.46355,8.13458,8.11301,5.56211,-0.0993905,-0.123905,-10784,13572,13536,9280,746,930
1759, 579,-5.92652,8.10102,7.9356,6.12072,-0.0704793,-0.0972588,-9888,13516,13240,10212,529,730
1760, 574,-6.3245,8.08424,7.96916,5.77548,-0.0506279,-0.0707458,-10552,13488,13296,9636,380,531
1761, 573,-6.17346,8.00752,7.82052,6.0416,-0.0297106,-0.0520934,-10300,13360,13048,10080,223,391
1762, 573,-6.15908,8.1178,7.76058,6.05838,-0.00999234,-0.033441,-10276,13544,12948,10108,75,251
1763, 573,-6.12551,8.06985,7.90922,5.93611,0.0122573,-0.0111914,-10220,13464,13196,9904,-92,84
1764, 572,-6.09435,8.08664,7.96916,5.90734,0.0281118,0.00919296,-10168,13492,13296,9856,-211,-69
1765, 573,-6.27895,7.98834,7.73661,6.044,0.046098,0.0273124,-10476,13328,12908,10084,-346,-205
1766, 573,-6.16627,8.00752,7.8397,5.9505,0.0614196,0.0418346,-10288,13360,13080,9928,-461,-314
1767, 573,-6.1375,8.04828,7.94039,5.99365,0.0819372,0.0594211,-10240,13428,13248,10000,-615,-446
1768, 572,-6.231,7.94039,7.72941,6.15908,0.0967259,0.0719449,-10396,13248,12896,10276,-726,-540
1769, 578,-6.24059,8.00033,7.84209,6.05599,0.108583,0.088732,-10412,13348,13084,10104,-815,-666
1770, 580,-6.37005,7.92121,7.66948,6.16627,0.123106,0.0959265,-10628,13216,12796,10288,-924,-720
1771, 578,-6.38684,7.86847,7.6503,6.24059,0.128568,0.102988,-10656,13128,12764,10412,-965,-773
1772, 581,-6.34128,7.89244,7.63591,6.20463,0.134297,0.111515,-10580,13168,12740,10352,-1008,-837
1773, 581,-6.39403,7.83011,7.60954,6.19983,0.135496,0.110315,-10668,13064,12696,10344,-1017,-828
1774, 580,-6.47794,7.85408,7.53282,6.27176,0.134164,0.11298,-10808,13104,12568,10464,-1007,-848
1775, 583,-6.48034,7.80374,7.47528,6.22381,0.134031,0.107518,-10812,13020,12472,10384,-1006,-807
1776, 580,-6.56904,7.739,7.3674,6.33409,0.130433,0.105519,-10960,12912,12292,10568,-979,-792
1777, 585,-6.6122,7.74859,7.38178,6.28854,0.124038,0.0977917,-11032,12928,12316,10492,-931,-734
1778, 585,-6.58103,7.81812,7.44172,6.40841,0.119775,0.0924625,-10980,13044,12416,10692,-899,-694
1779, 583,-6.56425,7.78695,7.54001,6.30053,0.117776,0.0899311,-10952,12992,12580,10512,-884,-675
1780, 586,-6.49472,7.82771,7.4561,6.37725,0.114046,0.0889985,-10836,13060,12440,10640,-856,-668
1781, 588,-6.48034,7.79415,7.51125,6.33169,0.110182,0.0873997,-10812,13004,12532,10564,-827,-656
1782, 591,-6.50191,7.78935,7.48967,6.37964,0.116577,0.0871332,-10848,12996,12496,10644,-875,-654
1783, 587,-6.77522,7.70544,7.26431,6.40602,0.104986,0.0807381,-11304,12856,12120,10688,-788,-606
1784, 588,-6.56185,7.78216,7.56639,6.31012,0.102322,0.0754089,-10948,12984,12624,10528,-768,-566
1785, 595,-6.53308,7.80134,7.48967,6.33649,0.0995237,0.076608,-10900,13016,12496,10572,-747,-575
1786, 591,-6.75365,7.64311,7.20677,6.50191,0.097392,0.0695467,-11268,12752,12024,10848,-731,-522
1787, 594,-6.44917,7.8349,7.61434,6.17826,0.097925,0.0735436,-10760,13072,12704,10308,-735,-552
1788, 593,-6.47794,7.84689,7.62872,6.28135,0.0988576,0.0719449,-10808,13092,12728,10480,-742,-540
1789, 595,-6.64816,7.70784,7.47528,6.39882,0.105119,0.0803384,-11092,12860,12472,10676,-789,-603
1790, 596,-6.54267,7.75818,7.41055,6.30772,0.113247,0.0823369,-10916,12944,12364,10524,-850,-618
1791, 595,-6.5187,7.83011,7.49207,6.27176,0.11791,0.0935283,-10876,13064,12500,10464,-885,-702
1792, 598,-6.44198,7.84449,7.46809,6.36046,0.122839,0.0972588,-10748,13088,12460,10612,-922,-730
1793, 598,-6.46355,7.80613,7.51125,6.36526,0.128435,0.104587,-10784,13024,12532,10620,-964,-785
1794, 598,-6.45157,7.8349,7.54001,6.3293,0.130966,0.10845,-10764,13072,12580,10560,-983,-814
1795, 599,-6.42999,7.8373,7.60235,6.3245,0.136828,0.114446,-10728,13076,12684,10552,-1027,-859
1796, 599,-6.40602,7.80374,7.5496,6.38923,0.145622,0.121107,-10688,13020,12596,10660,-1093,-909
1797, 604,-6.50671,7.71503,7.42973,6.3221,0.15215,0.124704,-10856,12872,12396,10548,-1142,-936
1798, 603,-6.52109,7.67427,7.28349,6.59781,0.158678,0.126436,-10880,12804,12152,11008,-1191,-949
1799, 605,-6.65295,7.58077,7.49926,6.30292,0.157746,0.1303,-11100,12648,12512,10516,-1184,-978
1800, 603,-6.65775,7.68146,7.40576,6.43479,0.160011,0.136828,-11108,12816,12356,10736,-1201,-1027
1801, 605,-6.52829,7.78695,7.57118,6.2334,0.164274,0.139227,-10892,12992,12632,10400,-1233,-1045
1802, 611,-6.5187,7.79175,7.20197,6.55945,0.169337,0.147087,-10876,13000,12016,10944,-1271,-1104
1803, 606,-6.99339,7.42494,7.47289,6.38684,0.170136,0.149219,-11668,12388,12468,10656,-1277,-1120
1804, 609,-6.39163,7.80613,7.63112,6.26217,0.180129,0.154415,-10664,13024,12732,10448,-1352,-1159
1805, 613,-6.62418,7.58077,7.37219,6.44198,0.180129,0.162675,-11052,12648,12300,10748,-1352,-1221
1806, 615,-6.67453,7.68386,7.61673,6.27416,0.193851,0.176531,-11136,12820,12708,10468,-1455,-1325
1807, 615,-6.17826,8.04828,7.739,6.13271,0.225827,0.207841,-10308,13428,12912,10232,-1695,-1560
1808, 615,-6.40122,7.81093,7.75818,6.18545,0.262332,0.247544,-10680,13032,12944,10320,-1969,-1858
1809, 624,-6.27416,7.93799,7.7438,6.20463,0.303368,0.286047,-10468,13244,12920,10352,-2277,-2147
1810, 623,-6.44917,7.76298,7.47049,6.49712,0.339074,0.316691,-10760,12952,12464,10840,-2545,-2377
1811, 624,-6.67213,7.68146,7.68866,6.2286,0.36492,0.344936,-11132,12816,12828,10392,-2739,-2589
1812, 624,-6.22141,7.91881,7.69585,6.44437,0.397562,0.377844,-10380,13212,12840,10752,-2984,-2836
1813, 635,-6.74885,7.54241,7.53762,6.19744,0.425541,0.409286,-11260,12584,12576,10340,-3194,-3072
1814, 637,-6.605,7.67907,7.30267,6.58103,0.456583,0.437665,-11020,12812,12184,10980,-3427,-3285
1815, 641,-6.80879,7.43692,7.12046,6.61459,0.469907,0.454319,-11360,12408,11880,11036,-3527,-3410
1816, 639,-6.73207,7.552,7.11327,6.80879,0.483363,0.460181,-11232,12600,11868,11360,-3628,-3454
1817, 650,-6.97901,7.18279,6.88311,6.66974,0.493489,0.473104,-11644,11984,11484,11128,-3704,-3551
1818, 658,-7.29547,7.38418,7.12765,6.92626,0.500283,0.4787,-12172,12320,11892,11556,-3755,-3593
1819, 658,-7.62393,7.02456,6.66494,7.02456,0.490424,0.466309,-12720,11720,11120,11720,-3681,-3500
1820, 659,-7.4609,6.81119,6.45876,7.11566,0.462179,0.433002,-12448,11364,10776,11872,-3469,-3250
1821, 667,-7.98115,6.58103,6.2334,7.4585,0.417014,0.38224,-13316,10980,10400,12444,-3130,-2869
1822, 668,-8.26405,6.418,5.8498,7.81093,0.359325,0.322953,-13788,10708,9760,13032,-2697,-2424
1823, 667,-8.10102,6.49232,6.07756,7.54241,0.292576,0.258602,-13516,10832,10140,12584,-2196,-1941
1824, 670,-8.24007,6.50911,6.01763,7.5544,0.231289,0.192919,-13748,10860,10040,12604,-1736,-1448
1825, 680,-7.97396,6.59542,6.15668,7.63112,0.178397,0.144289,-13304,11004,10272,12732,-1339,-1083
1826, 682,-7.95478,6.58822,6.21901,7.52563,0.128568,0.09566,-13272,10992,10376,12556,-965,-718
1827, 680,-8.12979,6.5163,5.81864,7.7438,0.0819372,0.0442328,-13564,10872,9708,12920,-615,-332
1828, 682,-8.01951,6.52109,6.09195,7.52083,0.0209173,-0.0147887,-13380,10880,10164,12548,-157,111
1829, 685,-7.94039,6.71049,6.22381,7.48487,-0.0313093,-0.0671485,-13248,11196,10384,12488,235,504
1830, 679,-7.75099,6.8016,6.46355,7.25951,-0.0668821,-0.0989908,-12932,11348,10784,12112,502,743
1831, 683,-7.58796,6.86633,6.48034,7.23314,-0.0987243,-0.129368,-12660,11456,10812,12068,741,971
1832, 683,-7.69825,6.82078,6.49712,7.34822,-0.127103,-0.159478,-12844,11380,10840,12260,954,1197
1833, 678,-7.45371,6.93825,6.64097,7.23793,-0.147487,-0.176931,-12436,11576,11080,12076,1107,1328
1834, 676,-7.52803,6.90948,6.54747,7.20437,-0.170669,-0.198914,-12560,11528,10924,12020,1281,1493
1835, 670,-7.30746,6.92387,6.69851,7.1732,-0.187856,-0.219698,-12192,11552,11176,11968,1410,1649
1836, 673,-7.35301,7.07491,6.86633,7.06052,-0.204243,-0.232089,-12268,11804,11456,11780,1533,1742
1837, 667,-7.32185,7.0821,6.66734,7.10847,-0.213303,-0.246877,-12216,11816,11124,11860,1601,1853
1838, 665,-7.12046,7.15882,6.91907,6.97421,-0.2169,-0.245678,-11880,11944,11544,11636,1628,1844
1839, 666,-7.3626,7.13005,6.78002,7.12046,-0.226227,-0.25607,-12284,11896,11312,11880,1698,1922
1840, 666,-7.29547,7.09169,6.83996,6.97661,-0.237018,-0.267395,-12172,11832,11412,11640,1779,2007
1841, 663,-7.21156,7.24273,6.79201,7.16601,-0.250075,-0.282317,-12032,12084,11332,11956,1877,2119
1842, 660,-7.30746,7.18519,6.93585,6.96942,-0.267395,-0.297372,-12192,11988,11572,11628,2007,2232
1843, 659,-7.21875,7.20677,6.91907,6.93346,-0.275389,-0.30843,-12044,12024,11544,11568,2067,2315
1844, 659,-7.19958,7.13724,6.9862,6.94065,-0.285914,-0.313093,-12012,11908,11656,11580,2146,2350
1845, 651,-7.19958,7.21396,6.95503,6.89989,-0.298704,-0.327216,-12012,12036,11604,11512,2242,2456
1846, 650,-7.01257,7.28588,7.10368,6.74885,-0.309629,-0.334277,-11700,12156,11852,11260,2324,2509
1847, 649,-6.82797,7.37219,7.02936,6.7968,-0.307764,-0.338407,-11392,12300,11728,11340,2310,2540
1848, 649,-7.01497,7.25711,6.9838,6.79201,-0.31336,-0.344403,-11704,12108,11652,11332,2352,2585
1849, 636,-7.11806,7.25951,7.13964,6.71049,-0.316025,-0.345335,-11876,12112,11912,11196,2372,2592
1850, 638,-6.81598,7.54001,7.2667,6.5187,-0.314959,-0.342404,-11372,12580,12124,10876,2364,2570
1851, 636,-6.60021,7.63591,7.34582,6.73687,-0.308031,-0.334943,-11012,12740,12256,11240,2312,2514
1852, 638,-6.95264,7.37219,7.0845,6.7033,-0.29977,-0.332012,-11600,12300,11820,11184,2250,2492
1853, 625,-6.74166,7.63112,7.3626,6.56185,-0.301369,-0.328015,-11248,12732,12284,10948,2262,2462
1854, 624,-6.67693,7.64311,7.25472,6.44437,-0.294175,-0.320821,-11140,12752,12104,10752,2208,2408
1855, 624,-6.56665,7.68386,7.50166,6.17586,-0.280718,-0.305766,-10956,12820,12516,10304,2107,2295
1856, 625,-6.52349,7.68866,7.23314,6.7033,-0.265397,-0.293375,-10884,12828,12068,11184,1992,2202
1857, 615,-6.77522,7.68146,7.50885,6.34608,-0.258735,-0.284582,-11304,12816,12528,10588,1942,2136
1858, 607,-6.25498,7.73661,7.47049,6.3221,-0.249009,-0.271259,-10436,12908,12464,10548,1869,2036
1859, 615,-6.47075,7.89963,7.88765,5.9457,-0.227559,-0.244746,-10796,13180,13160,9920,1708,1837
1860, 613,-6.66734,7.71982,7.38897,6.35327,-0.19998,-0.227026,-11124,12880,12328,10600,1501,1704
1861, 604,-6.49472,7.85408,7.58796,6.47794,-0.185858,-0.209306,-10836,13104,12660,10808,1395,1571
1862, 604,-6.49952,7.68866,7.44891,6.15668,-0.171868,-0.195983,-10844,12828,12428,10272,1290,1471
1863, 605,-6.26217,7.87326,7.63831,6.16867,-0.154815,-0.179196,-10448,13136,12744,10292,1162,1345
1864, 606,-6.64576,7.71023,7.60954,6.3221,-0.132698,-0.157613,-11088,12864,12696,10548,996,1183
1865, 600,-6.38923,7.90203,7.53762,6.36286,-0.116844,-0.144423,-10660,13184,12576,10616,877,1084
1866, 598,-6.68412,7.6455,7.59036,6.22381,-0.108184,-0.133897,-11152,12756,12664,10384,812,1005
1867, 600,-6.0464,8.07465,7.65749,6.33889,-0.0929954,-0.116044,-10088,13472,12776,10576,698,871
1868, 599,-6.56904,7.77017,7.76777,6.15188,-0.0728775,-0.101522,-10960,12964,12960,10264,547,762
1869, 599,-6.35807,7.94039,7.64311,6.33169,-0.0600873,-0.0828698,-10608,13248,12752,10564,451,622
1870, 597,-6.57144,7.76058,7.58557,6.27176,-0.0448989,-0.0727443,-10964,12948,12656,10464,337,546
1871, 596,-6.30292,7.88765,7.71503,6.28375,-0.0325084,-0.0603538,-10516,13160,12872,10484,244,453
1872, 596,-6.52829,7.80853,7.71023,6.1351,-0.0222496,-0.0459648,-10892,13028,12864,10236,167,345
1873, 594,-6.41081,7.86607,7.57837,6.36046,-0.00905972,-0.0347734,-10696,13124,12644,10612,68,261
1874, 595,-6.5115,7.82052,7.57118,6.18545,-0.0021317,-0.0231822,-10864,13048,12632,10320,16,174
1875, 595,-6.44677,7.84689,7.59755,6.26936,0.0145222,-0.00772741,-10756,13092,12676,10460,-109,58
1876, 596,-6.44437,7.82052,7.51604,6.3245,0.0294441,0.00466309,-10752,13048,12540,10552,-221,-35
1877, 596,-6.43958,7.77497,7.52563,6.33649,0.0337075,0.00732772,-10744,12972,12556,10572,-253,-55
1878, 596,-6.5163,7.76298,7.51604,6.28375,0.0421011,0.0157213,-10872,12952,12540,10484,-316,-118
1879, 595,-6.54507,7.77017,7.42494,6.36766,0.0486294,0.0211838,-10920,12964,12388,10624,-365,-159
1880, 597,-6.53788,7.79415,7.50166,6.35087,0.0522266,0.0249142,-10908,13004,12516,10596,-392,-187
1881, 597,-6.55226,7.76058,7.5544,6.30772,0.0598208,0.0354395,-10932,12948,12604,10524,-449,-266
1882, 597,-6.47314,7.75339,7.44412,6.36766,0.0640842,0.0377044,-10800,12936,12420,10624,-481,-283
1883, 596,-6.52589,7.78695,7.51364,6.30053,0.0695467,0.046098,-10888,12992,12536,10512,-522,-346
1884, 596,-6.50191,7.77497,7.44172,6.38684,0.0763415,0.0522266,-10848,12972,12416,10656,-573,-392
1885, 598,-6.53308,7.75579,7.54481,6.33409,0.0815375,0.0567565,-10900,12940,12588,10568,-612,-426
1886, 601,-6.64097,7.72462,7.42014,6.45157,0.0863338,0.0616861,-11080,12888,12380,10764,-648,-463
1887, 598,-6.72248,7.62872,7.34822,6.44677,0.0823369,0.0559571,-11216,12728,12260,10756,-618,-420
1888, 602,-6.66974,7.71982,7.47289,6.36766,0.077807,0.0550245,-11128,12880,12468,10624,-584,-413
1889, 603,-6.7968,7.59516,7.32424,6.49472,0.0770077,0.0476968,-11340,12672,12220,10836,-578,-358
1890, 600,-6.73207,7.61913,7.38658,6.48993,0.0715452,0.0398361,-11232,12712,12324,10828,-537,-299
1891, 602,-6.81119,7.63831,7.29308,6.50431,0.0584885,0.0311761,-11364,12744,12168,10852,-439,-234
1892, 601,-6.75125,7.62872,7.32424,6.49712,0.0483629,0.0255804,-11264,12728,12220,10840,-363,-192
1893, 602,-6.72728,7.69345,7.24992,6.41081,0.0458315,0.021317,-11224,12836,12096,10696,-344,-160
1894, 602,-6.64816,7.72941,7.30267,6.55945,0.0430337,0.0158545,-11092,12896,12184,10944,-323,-119
1895, 603,-6.75604,7.67188,7.37699,6.43958,0.042634,0.0166539,-11272,12800,12308,10744,-320,-125
1896, 605,-6.75844,7.68626,7.39377,6.40602,0.0387703,0.0107917,-11276,12824,12336,10688,-291,-81
1897, 602,-6.66015,7.65749,7.45371,6.47075,0.035706,0.00905972,-11112,12776,12436,10796,-268,-68
1898, 602,-6.72488,7.69585,7.30986,6.48273,0.0345069,0.00732772,-11220,12840,12196,10816,-259,-55
1899, 603,-6.69611,7.68386,7.40336,6.41321,0.0307764,0.00359724,-11172,12820,12352,10700,-231,-27
1900, 602,-6.58343,7.63352,7.43932,6.42759,0.0281118,0.00532925,-10984,12736,12412,10724,-211,-40
1901, 606,-6.72008,7.64071,7.34582,6.47075,0.0313093,0.00399694,-11212,12748,12256,10796,-235,-30
1902, 604,-6.71769,7.66948,7.45371,6.44677,0.0302435,0.00612864,-11208,12796,12436,10756,-227,-46
1903, 605,-6.67213,7.70784,7.34822,6.49712,0.0354395,0.0085268,-11132,12860,12260,10840,-266,-64
1904, 606,-6.65775,7.69585,7.54481,6.34848,0.0402358,0.0134564,-11108,12840,12588,10592,-302,-101
1905, 604,-6.66015,7.69825,7.34822,6.4204,0.0386371,0.0149219,-11112,12844,12260,10712,-290,-112
1906, 604,-6.65535,7.63591,7.47049,6.40841,0.0467642,0.0177198,-11104,12740,12464,10692,-351,-133
1907, 606,-6.53068,7.80374,7.4561,6.34608,0.0515605,0.0291776,-10896,13020,12440,10588,-387,-219
1908, 605,-6.7057,7.65989,7.40576,6.57624,0.0511608,0.0243813,-11188,12780,12356,10972,-384,-183
1909, 606,-6.57384,7.80134,7.45131,6.40841,0.0579556,0.0349066,-10968,13016,12432,10692,-435,-262
1910, 609,-6.57144,7.70544,7.44891,6.35567,0.0630184,0.0371715,-10964,12856,12428,10604,-473,-279
1911, 606,-6.66734,7.63112,7.38658,6.34368,0.0662159,0.0389035,-11124,12732,12324,10584,-497,-292
1912, 606,-6.66974,7.59995,7.32185,6.44437,0.063951,0.0411685,-11128,12680,12216,10752,-480,-309
1913, 608,-6.64336,7.70304,7.4561,6.37964,0.0738101,0.0475636,-11084,12852,12440,10644,-554,-357
1914, 607,-6.76803,7.57118,7.35781,6.56904,0.0779403,0.0503614,-11292,12632,12276,10960,-585,-378
1915, 607,-6.54986,7.67907,7.41295,6.40362,0.0808714,0.0578224,-10928,12812,12368,10684,-607,-434
1916, 608,-6.55706,7.77257,7.41295,6.52829,0.0899311,0.0608867,-10940,12968,12368,10892,-675,-457
1917, 609,-6.66015,7.66229,7.50405,6.48034,0.0897979,0.0651501,-11112,12784,12520,10812,-674,-489
1918, 611,-6.5187,7.71503,7.44891,6.56425,0.0944609,0.0651501,-10876,12872,12428,10952,-709,-489
1919, 613,-6.67453,7.67188,7.3626,6.49712,0.093928,0.0688806,-11136,12800,12284,10840,-705,-517
1920, 609,-6.76563,7.70544,7.21636,6.6122,0.0947274,0.0668821,-11288,12856,12040,11032,-711,-502
1921, 615,-6.7057,7.64071,7.42973,6.37964,0.0935283,0.0684809,-11188,12748,12396,10644,-702,-514
1922, 610,-6.78002,7.43453,7.18519,6.65295,0.0927289,0.0684809,-11312,12404,11988,11100,-696,-514
1923, 613,-6.77762,7.52803,7.56639,6.28135,0.0932619,0.0719449,-11308,12560,12624,10480,-700,-540
1924, 613,-6.7081,7.65749,7.22115,6.74406,0.0964594,0.0722113,-11192,12776,12048,11252,-724,-542
1925, 616,-6.91428,7.50885,7.35062,6.39163,0.0984579,0.0740766,-11536,12528,12264,10664,-739,-556
1926, 619,-6.67693,7.58557,7.30027,6.5187,0.097392,0.0744763,-11140,12656,12180,10876,-731,-559
1927, 617,-6.71289,7.54721,7.13005,6.6122,0.0989908,0.0727443,-11200,12592,11896,11032,-743,-546
1928, 614,-6.9838,7.53042,7.35062,6.50911,0.0984579,0.0759418,-11652,12564,12264,10860,-739,-570
1929, 619,-6.78961,7.6455,7.32664,6.46835,0.101522,0.0763415,-11328,12756,12224,10792,-762,-573
1930, 622,-6.87832,7.5496,7.25711,6.6122,0.10845,0.0820704,-11476,12596,12108,11032,-814,-616
1931, 620,-6.81358,7.38178,6.99579,6.69851,0.104187,0.0732772,-11368,12316,11672,11176,-782,-550
1932, 621,-6.90229,7.51125,7.4561,6.2334,0.10019,0.0791394,-11516,12532,12440,10400,-752,-594
1933, 624,-6.82797,7.63112,7.18759,6.66974,0.101256,0.0740766,-11392,12732,11992,11128,-760,-556
1934, 625,-6.86873,7.41295,7.31465,6.57863,0.0981914,0.0715452,-11460,12368,12204,10976,-737,-537
1935, 627,-6.7057,7.63352,7.38418,6.59062,0.0984579,0.0746095,-11188,12736,12320,10996,-739,-560
1936, 623,-6.95983,7.45131,7.1732,6.66015,0.0983247,0.0655498,-11612,12432,11968,11112,-738,-492
1937, 626,-6.77283,7.51125,7.18519,6.61699,0.0953936,0.0707458,-11300,12532,11988,11040,-716,-531
1938, 627,-6.81119,7.49446,7.32664,6.41561,0.0981914,0.0734104,-11364,12504,12224,10704,-737,-551
1939, 627,-6.81358,7.52563,7.35062,6.64097,0.0995237,0.0755421,-11368,12556,12264,11080,-747,-567
1940, 629,-6.33169,7.91162,7.87086,5.99605,0.130034,0.114046,-10564,13200,13132,10004,-976,-856
1941, 631,-5.81864,8.28802,8.12739,6.0464,0.196116,0.182926,-9708,13828,13560,10088,-1472,-1373
1942, 632,-6.11353,8.00752,8.11541,5.81145,0.27459,0.264864,-10200,13360,13540,9696,-2061,-1988
1943, 631,-5.8498,8.26405,7.83011,6.13031,0.345335,0.33108,-9760,13788,13064,10228,-2592,-2485
1944, 632,-6.29813,7.77976,7.86847,6.1375,0.403557,0.386104,-10508,12980,13128,10240,-3029,-2898
1945, 641,-6.11353,7.90203,7.68626,6.46116,0.454319,0.439263,-10200,13184,12824,10780,-3410,-3297
1946, 649,-6.67693,7.47528,7.35541,6.40362,0.495887,0.474703,-11140,12472,12272,10684,-3722,-3563
1947, 646,-6.78002,7.50885,7.4609,6.55706,0.516538,0.496286,-11312,12528,12448,10940,-3877,-3725
1948, 648,-6.85674,7.33383,7.03175,6.75125,0.529727,0.50508,-11440,12236,11732,11264,-3976,-3791
1949, 659,-6.91188,7.34342,7.13245,6.64816,0.544783,0.521867,-11532,12252,11900,11092,-4089,-3917
1950, 663,-7.15882,7.28349,6.91667,7.0797,0.557173,0.531726,-11944,12152,11540,11812,-4182,-3991
1951, 665,-7.34342,6.991,6.60261,7.20437,0.553576,0.526397,-12252,11664,11016,12020,-4155,-3951
1952, 662,-7.39137,7.02936,6.67933,7.30746,0.535057,0.505746,-12332,11728,11144,12192,-4016,-3796
1953, 680,-7.73661,6.73926,6.46355,7.34342,0.494688,0.466443,-12908,11244,10784,12252,-3713,-3501
1954, 682,-7.84689,6.46355,5.62924,7.90683,0.453386,0.413816,-13092,10784,9392,13192,-3403,-3106
1955, 682,-8.70278,6.11592,5.44703,8.09862,0.368118,0.325351,-14520,10204,9088,13512,-2763,-2442
1956, 685,-8.62367,6.20942,5.69397,7.91162,0.271925,0.231156,-14388,10360,9500,13200,-2041,-1735
1957, 691,-8.33597,6.22621,5.81384,7.82292,0.193585,0.156147,-13908,10388,9700,13052,-1453,-1172
1958, 693,-8.24007,6.40841,5.78747,7.81812,0.122706,0.0868668,-13748,10692,9656,13044,-921,-652
1959, 691,-8.3048,6.26936,5.83782,7.80613,0.0591547,0.0166539,-13856,10460,9740,13024,-444,-125
1960, 690,-7.96437,6.53068,6.17106,7.54721,0.00119908,-0.0367718,-13288,10896,10296,12592,-9,276
1961, 695,-8.01471,6.64097,6.04879,7.56639,-0.0488959,-0.080072,-13372,11080,10092,12624,367,601
1962, 694,-7.79894,6.76324,6.08715,7.552,-0.0855345,-0.123239,-13012,11284,10156,12600,642,925
1963, 694,-7.87566,6.66254,6.36526,7.52803,-0.127636,-0.155881,-13140,11116,10620,12560,958,1170
1964, 693,-8.00512,6.71769,6.29333,7.39856,-0.164274,-0.200113,-13356,11208,10500,12344,1233,1502
1965, 690,-7.66948,6.83276,6.35327,7.33623,-0.194784,-0.226893,-12796,11400,10600,12240,1462,1703
1966, 687,-7.84209,6.77522,6.48753,7.23793,-0.220364,-0.252074,-13084,11304,10824,12076,1654,1892
1967, 687,-7.71023,6.69131,6.25018,7.40815,-0.245145,-0.277654,-12864,11164,10428,12360,1840,2084
1968, 690,-7.59036,7.01977,6.81598,7.42973,-0.275522,-0.308564,-12664,11712,11372,12396,2068,2316
1969, 678,-7.76298,6.7033,6.21422,7.55919,-0.30883,-0.347334,-12952,11184,10368,12612,2318,2607
1970, 677,-7.63352,6.93346,6.71529,6.93825,-0.338674,-0.366386,-12736,11568,11204,11576,2542,2750
1971, 677,-7.31226,6.9862,6.54747,7.1804,-0.35253,-0.384905,-12200,11656,10924,11980,2646,2889
1972, 676,-7.43692,7.06052,6.64097,7.18519,-0.373047,-0.402891,-12408,11780,11080,11988,2800,3024
1973, 663,-7.85648,6.82317,6.59302,6.83276,-0.392766,-0.424874,-13108,11384,11000,11400,2948,3189
1974, 662,-6.88071,7.53762,6.88071,6.9862,-0.403025,-0.436998,-11480,12576,11480,11656,3025,3280
1975, 662,-7.43932,6.86873,6.78242,6.8975,-0.411951,-0.442061,-12412,11460,11316,11508,3092,3318
1976, 662,-6.91188,7.53042,7.09169,6.67213,-0.416348,-0.447257,-11532,12564,11832,11132,3125,3357
1977, 651,-7.54001,6.95743,6.73926,6.9838,-0.428605,-0.462979,-12580,11608,11244,11652,3217,3475
1978, 651,-6.7992,7.50645,7.09169,6.7033,-0.433934,-0.464844,-11344,12524,11832,11184,3257,3489
1979, 650,-6.93346,7.4561,6.82797,6.95983,-0.438064,-0.466576,-11568,12440,11392,11612,3288,3502
1980, 649,-7.11566,7.21875,7.06292,6.63377,-0.440329,-0.472305,-11872,12044,11784,11068,3305,3545
1981, 635,-6.95983,7.33623,7.00298,6.77522,-0.443527,-0.474969,-11612,12240,11684,11304,3329,3565
1982, 633,-7.04134,7.4633,7.35781,6.62658,-0.444859,-0.474436,-11748,12452,12276,11056,3339,3561
1983, 631,-6.63617,7.66229,7.28828,6.66254,-0.436066,-0.466043,-11072,12784,12160,11116,3273,3498
1984, 629,-6.8927,7.48967,7.41055,6.19024,-0.436199,-0.459381,-11500,12496,12364,10328,3274,3448
1985, 620,-6.44917,7.73421,7.07491,6.83756,-0.42674,-0.457649,-10760,12904,11804,11408,3203,3435
1986, 614,-6.59062,7.61673,8.06746,5.90495,-0.41728,-0.442328,-10996,12708,13460,9852,3132,3320
1987, 613,-6.37964,7.92601,7.01497,6.54027,-0.401292,-0.43047,-10644,13224,11704,10912,3012,3231
1988, 611,-6.20223,7.99074,7.91642,5.97687,-0.376911,-0.407021,-10348,13332,13208,9972,2829,3055
1989, 601,-6.30292,7.552,7.02696,6.56665,-0.362522,-0.389701,-10516,12600,11724,10956,2721,2925
1990, 598,-6.35327,8.125,8.1178,6.09914,-0.342671,-0.36945,-10600,13556,13544,10176,2572,2773
1991, 599,-6.13271,7.99313,7.94758,5.81384,-0.315358,-0.340139,-10232,13336,13260,9700,2367,2553
1992, 596,-6.15188,8.04828,7.79415,5.98406,-0.28658,-0.313227,-10264,13428,13004,9984,2151,2351
1993, 591,-6.29333,7.98594,7.79654,6.01763,-0.26553,-0.289645,-10500,13324,13008,10040,1993,2174
1994, 589,-6.19264,8.13219,7.95717,5.94331,-0.240216,-0.266995,-10332,13568,13276,9916,1803,2004
1995, 585,-6.09914,7.88045,7.58077,6.28135,-0.216101,-0.239949,-10176,13148,12648,10480,1622,1801
1996, 584,-5.93132,8.16575,8.24247,5.81384,-0.189188,-0.211438,-9896,13624,13752,9700,1420,1587
1997, 583,-6.19744,7.95238,7.58077,6.22381,-0.163075,-0.192519,-10340,13268,12648,10384,1224,1445
1998, 579,-6.17346,8.01231,8.00992,6.01043,-0.142557,-0.166539,-10300,13368,13364,10028,1070,1250
1999, 579,-6.16867,8.05547,7.90683,5.96249,-0.118176,-0.137628,-10292,13440,13192,9948,887,1033
2000, 581,-6.14229,8.0243,7.91162,5.8498,-0.0899311,-0.113646,-10248,13388,13200,9760,675,853
2001, 576,-6.36766,7.99074,7.8349,5.96728,-0.0686141,-0.0905972,-10624,13332,13072,9956,515,680
2002, 575,-6.16627,8.19692,8.0267,5.78268,-0.0544916,-0.0759418,-10288,13676,13392,9648,409,570
2003, 576,-6.17106,8.01711,7.76298,6.07517,-0.0302435,-0.0538254,-10296,13376,12952,10136,227,404
2004, 575,-6.31731,7.97875,7.8373,5.93132,-0.00985911,-0.0303767,-10540,13312,13076,9896,74,228
2005, 577,-5.97208,8.16335,7.89484,6.0392,0.0122573,-0.010925,-9964,13620,13172,10076,-92,82
2006, 575,-6.5187,7.80134,7.74859,6.01283,0.0235819,-0.00133231,-10876,13016,12928,10032,-177,10
2007, 574,-6.12791,8.09862,7.85168,6.10394,0.0406355,0.0198515,-10224,13512,13100,10184,-305,-149
2008, 573,-6.21422,8.00272,7.84449,5.91454,0.0558239,0.033974,-10368,13352,13088,9868,-419,-255
2009, 576,-6.14949,8.06985,7.75099,6.06078,0.0734104,0.0503614,-10260,13464,12932,10112,-551,-378
2010, 579,-6.37485,7.89484,7.70304,6.1351,0.0848683,0.0598208,-10636,13172,12852,10236,-637,-449
2011, 577,-6.231,7.92601,7.66229,6.16387,0.0916631,0.0659495,-10396,13224,12784,10284,-688,-495
2012, 578,-6.27655,7.91642,7.77497,6.01283,0.102322,0.0792726,-10472,13208,12972,10032,-768,-595
2013, 577,-6.24778,7.92121,7.82771,6.15908,0.115911,0.0941945,-10424,13216,13060,10276,-870,-707
2014, 579,-6.37725,7.91402,7.75818,6.06318,0.126303,0.102721,-10640,13204,12944,10116,-948,-771
2015, 581,-6.29094,7.9284,7.60235,6.14469,0.138827,0.113113,-10496,13228,12684,10252,-1042,-849
2016, 581,-6.46595,7.8397,7.5568,6.2334,0.139893,0.114579,-10788,13080,12608,10400,-1050,-860
2017, 584,-6.45157,7.8325,7.57118,6.26457,0.142691,0.115112,-10764,13068,12632,10452,-1071,-864
2018, 584,-6.57624,7.71503,7.43213,6.37245,0.13856,0.109516,-10972,12872,12400,10632,-1040,-822
2019, 585,-6.58343,7.71982,7.54241,6.35567,0.131766,0.102455,-10984,12880,12584,10604,-989,-769
2020, 584,-6.64816,7.66948,7.49207,6.35567,0.116444,0.0897979,-11092,12796,12500,10604,-874,-674
2021, 587,-6.55945,7.81333,7.51125,6.29333,0.114979,0.0899311,-10944,13036,12532,10500,-863,-675
2022, 585,-6.59781,7.73661,7.42733,6.36766,0.114579,0.0851348,-11008,12908,12392,10624,-860,-639
2023, 587,-6.64816,7.739,7.52803,6.28854,0.105786,0.0822037,-11092,12912,12560,10492,-794,-617
2024, 587,-6.57624,7.81333,7.40096,6.37245,0.104187,0.0780735,-10972,13036,12348,10632,-782,-586
2025, 592,-6.65295,7.6455,7.29308,6.41321,0.106052,0.0770077,-11100,12756,12168,10700,-796,-578
2026, 592,-6.63377,7.77497,7.38418,6.37964,0.0995237,0.0722113,-11068,12972,12320,10644,-747,-542
2027, 591,-6.68172,7.67427,7.45131,6.25018,0.0927289,0.0694135,-11148,12804,12432,10428,-696,-521
2028, 590,-6.46355,7.84689,7.54481,6.29333,0.0975253,0.0744763,-10784,13092,12588,10500,-732,-559
2029, 594,-6.35087,7.91162,7.69585,6.25498,0.105652,0.0820704,-10596,13200,12840,10436,-793,-616
2030, 595,-6.66734,7.66229,7.20197,6.52349,0.108051,0.0802052,-11124,12784,12016,10884,-811,-602
2031, 595,-6.44198,7.79654,7.48727,6.47314,0.111115,0.0892649,-10748,13008,12492,10800,-834,-670
2032, 594,-6.44677,7.80853,7.42973,6.35087,0.108317,0.0848683,-10756,13028,12396,10596,-813,-637
2033, 598,-6.56425,7.70784,7.67427,6.21662,0.118576,0.0923292,-10952,12860,12804,10372,-890,-693
2034, 600,-6.53548,7.7438,7.47289,6.44677,0.115911,0.0937948,-10904,12920,12468,10756,-870,-704
2035, 598,-6.69131,7.61194,7.4609,6.39163,0.121107,0.0984579,-11164,12700,12448,10664,-909,-739
2036, 598,-6.69131,7.67907,7.42254,6.38204,0.11791,0.0975253,-11164,12812,12384,10648,-885,-732
2037, 601,-6.62418,7.79175,7.4561,6.25737,0.1299,0.105919,-11052,13000,12440,10440,-975,-795
2038, 600,-6.69371,7.65509,7.40336,6.37485,0.136296,0.111248,-11168,12772,12352,10636,-1023,-835
2039, 601,-6.74166,7.75818,7.51125,6.20223,0.14349,0.118576,-11248,12944,12532,10348,-1077,-890
2040, 602,-6.6098,7.62393,7.51604,6.34848,0.146688,0.124038,-11028,12720,12540,10592,-1101,-931
2041, 606,-6.50431,7.77976,7.71263,6.3221,0.153616,0.128435,-10852,12980,12868,10548,-1153,-964
2042, 606,-6.58583,7.65749,7.33144,6.50671,0.155747,0.13483,-10988,12776,12232,10856,-1169,-1012
2043, 606,-6.7081,7.65749,7.34342,6.34608,0.162276,0.137628,-11192,12776,12252,10588,-1218,-1033
2044, 606,-6.6122,7.71743,7.25472,6.35087,0.164807,0.141358,-11032,12876,12104,10596,-1237,-1061
2045, 609,-6.56904,7.86607,7.61673,6.49712,0.173067,0.146288,-10960,13124,12708,10840,-1299,-1098
2046, 610,-6.71289,7.64311,7.34582,6.66015,0.175599,0.149485,-11200,12752,12256,11112,-1318,-1122
2047, 612,-6.81598,7.47289,7.38418,6.39403,0.174133,0.150285,-11372,12468,12320,10668,-1307,-1128
2048, 613,-6.41081,7.77017,7.34582,6.59302,0.177864,0.151884,-10696,12964,12256,11000,-1335,-1140
2049, 618,-6.91907,7.46569,7.21156,6.52349,0.178397,0.15175,-11544,12456,12032,10884,-1339,-1139
2050, 619,-6.87832,7.47289,7.21396,6.67933,0.176531,0.151084,-11476,12468,12036,11144,-1325,-1134
2051, 617,-6.67453,7.68146,7.06292,6.68412,0.1744,0.145489,-11136,12816,11784,11152,-1309,-1092
2052, 617,-6.90708,7.44412,7.38658,6.46595,0.167738,0.141758,-11524,12420,12324,10788,-1259,-1064
2053, 623,-6.85674,7.48487,7.20677,6.65056,0.167072,0.138427,-11440,12488,12024,11096,-1254,-1039
2054, 623,-6.85194,7.55919,7.03175,6.58103,0.162809,0.138427,-11432,12612,11732,10980,-1222,-1039
2055, 623,-6.90229,7.57358,7.2739,6.52109,0.16121,0.13976,-11516,12636,12136,10880,-1210,-1049
2056, 625,-6.7968,7.57358,7.16841,6.72728,0.160011,0.133364,-11340,12636,11960,11224,-1201,-1001
2057, 630,-7.13724,7.30746,7.0845,6.62418,0.15708,0.124971,-11908,12192,11820,11052,-1179,-938
2058, 630,-6.83276,7.61194,7.07491,6.87592,0.148953,0.120708,-11400,12700,11804,11472,-1118,-906
2059, 630,-7.00538,7.26431,7.08689,6.50671,0.139626,0.118576,-11688,12120,11824,10856,-1048,-890
2060, 629,-6.65775,7.55919,7.21875,6.86393,0.141358,0.109383,-11108,12612,12044,11452,-1061,-821
2061, 634,-7.11806,7.37459,7.15163,6.52589,0.1311,0.109383,-11876,12304,11932,10888,-984,-821
2062, 634,-6.88551,7.4633,7.00778,6.83756,0.132432,0.101123,-11488,12452,11692,11408,-994,-759
2063, 635,-7.10128,7.25232,6.991,6.71049,0.12204,0.0947274,-11848,12100,11664,11196,-916,-711
2064, 635,-6.98141,7.60954,7.20197,6.90469,0.114845,0.087,-11648,12696,12016,11520,-862,-653
2065, 637,-7.16841,7.21875,6.80639,6.73926,0.110049,0.0824701,-11960,12044,11356,11244,-826,-619
2066, 637,-6.88311,7.38658,7.07491,6.91428,0.103654,0.0768744,-11484,12324,11804,11536,-778,-577
2067, 637,-7.20437,7.14923,7.11087,6.66494,0.0948606,0.0712787,-12020,11928,11864,11120,-712,-535
2068, 637,-6.55226,7.73421,7.13245,6.61699,0.0976585,0.0690138,-10932,12904,11900,11040,-733,-518
2069, 640,-7.0821,7.28109,6.85194,6.96702,0.090464,0.0611531,-11816,12148,11432,11624,-679,-459
2070, 642,-7.04614,7.34822,7.16122,6.64097,0.0855345,0.0607534,-11756,12260,11948,11080,-642,-456
2071, 639,-7.14443,7.22355,6.78002,6.8975,0.0791394,0.0508943,-11920,12052,11312,11508,-594,-382
2072, 644,-7.01497,7.30746,7.2739,6.54747,0.0707458,0.0458315,-11704,12192,12136,10924,-531,-344
2073, 642,-7.12286,7.25472,7.00059,6.87112,0.0624855,0.0393032,-11884,12104,11680,11464,-469,-295
2074, 645,-7.02936,7.44412,6.94305,6.85194,0.0584885,0.031709,-11728,12420,11584,11432,-439,-238
2075, 644,-7.09409,7.23554,6.81358,6.88791,0.0523599,0.0219832,-11836,12072,11368,11492,-393,-165
2076, 645,-7.20197,7.33863,7.0797,6.74406,0.0417014,0.012124,-12016,12244,11812,11252,-313,-91
2077, 645,-7.11806,7.33863,7.02696,6.91188,0.0283783,0.00266462,-11876,12244,11724,11532,-213,-20
2078, 646,-7.13484,7.38178,7.1804,6.68172,0.0227825,-0.00586217,-11904,12316,11980,11148,-171,44
2079, 647,-6.9886,7.26431,6.90469,6.95264,0.0150551,-0.0117243,-11660,12120,11520,11600,-113,88
2080, 646,-7.1756,7.32185,7.19238,6.53548,0.0110582,-0.014389,-11972,12216,12000,10904,-83,108
2081, 646,-7.04134,7.38418,6.8927,6.99339,0.00519602,-0.0203844,-11748,12320,11500,11668,-39,153
2082, 647,-7.0821,7.41295,7.2715,6.82078,-0.00173201,-0.0297106,-11816,12368,12132,11380,13,223
2083, 647,-7.16122,7.30027,6.83756,6.80639,-0.00746095,-0.035173,-11948,12180,11408,11356,56,264
2084, 646,-7.04134,7.32185,7.16361,6.81838,-0.0163874,-0.0446325,-11748,12216,11952,11376,123,335
2085, 641,-6.97661,7.23314,6.86393,6.8016,-0.0237152,-0.0504946,-11640,12068,11452,11348,178,379
2086, 645,-6.96462,7.44412,7.16601,6.72248,-0.0251807,-0.0475636,-11620,12420,11956,11216,189,357
2087, 644,-7.02696,7.40336,7.05093,6.80399,-0.0219832,-0.0484962,-11724,12352,11764,11352,165,364
2088, 646,-6.97182,7.37459,7.19478,6.74646,-0.0226493,-0.0479632,-11632,12304,12004,11256,170,360
2089, 642,-6.95983,7.39137,7.08689,6.73207,-0.0206508,-0.055291,-11612,12332,11824,11232,155,415
2090, 643,-6.91667,7.43932,7.1756,6.62898,-0.0253139,-0.0523599,-11540,12412,11972,11060,190,393
2091, 640,-6.95024,7.4561,7.2715,6.68652,-0.0231822,-0.053026,-11596,12440,12132,11156,174,398
2092, 641,-6.84475,7.56159,7.14443,6.7081,-0.0209173,-0.0486294,-11420,12616,11920,11192,157,365
2093, 641,-6.92866,7.43692,7.1756,6.66015,-0.0203844,-0.0417014,-11560,12408,11972,11112,153,313
2094, 639,-6.93346,7.40815,7.15163,6.76803,-0.0158545,-0.0429005,-11568,12360,11932,11292,119,322
2095, 639,-6.84715,7.54721,7.16841,6.72967,-0.0141225,-0.0405023,-11424,12592,11960,11228,106,304
2096, 642,-6.9862,7.43932,7.22115,6.52829,-0.00892649,-0.0393032,-11656,12412,12048,10892,67,295
2097, 642,-6.87832,7.53042,7.06292,6.90229,-0.00945942,-0.0350398,-11476,12564,11784,11516,71,263
2098, 638,-7.03415,7.35781,7.14443,6.58822,-0.0105253,-0.0355727,-11736,12276,11920,10992,79,267
2099, 639,-6.8975,7.53762,7.20917,6.75604,-0.00866003,-0.0350398,-11508,12576,12028,11272,65,263
2100, 639,-6.9838,7.49207,7.22595,6.69371,-0.00586217,-0.0301103,-11652,12500,12056,11168,44,226
2101, 639,-6.78242,7.48967,7.16841,6.64816,-0.00373047,-0.0239816,-11316,12496,11960,11092,28,180
2102, 638,-6.86393,7.48967,7.30746,6.56904,0.00333078,-0.0234487,-11452,12496,12192,10960,-25,176
2103, 638,-6.7944,7.52563,7.17081,6.60261,0.00932619,-0.0166539,-11336,12556,11964,11016,-70,125
2104, 633,-6.82557,7.54241,7.47049,6.43958,0.0187856,-0.00439663,-11388,12584,12464,10744,-141,33
2105, 639,-6.73207,7.62153,7.31705,6.61699,0.032242,0.00972588,-11232,12716,12208,11040,-242,-73
2106, 638,-6.91667,7.47528,7.28828,6.55945,0.0494288,0.0246478,-11540,12472,12160,10944,-371,-185
2107, 640,-6.84475,7.49207,7.21636,6.72967,0.0580888,0.033441,-11420,12500,12040,11228,-436,-251
2108, 638,-6.94784,7.43453,7.20197,6.73926,0.0611531,0.0337075,-11592,12404,12016,11244,-459,-253
2109, 643,-6.8951,7.50166,7.20437,6.74166,0.0678147,0.040902,-11504,12516,12020,11248,-509,-307
2110, 640,-6.98141,7.30027,7.03895,6.81119,0.0690138,0.0417014,-11648,12180,11744,11364,-518,-313
2111, 642,-6.95503,7.43213,7.14923,6.68172,0.0612864,0.0379709,-11604,12400,11928,11148,-460,-285
2112, 642,-7.08689,7.29068,6.92626,6.7944,0.0510276,0.0207841,-11824,12164,11556,11336,-383,-156
2113, 645,-7.1756,7.34582,6.96942,6.78721,0.0405023,0.0125237,-11972,12256,11628,11324,-304,-94
2114, 644,-7.10607,7.37938,6.92387,6.81119,0.0318423,0.00359724,-11856,12312,11552,11364,-239,-27
2115, 643,-7.09888,7.31705,7.02216,6.80879,0.0198515,-0.00732772,-11844,12208,11716,11360,-149,55
2116, 638,-6.9862,7.39137,7.10847,6.7944,0.0173201,-0.0105253,-11656,12332,11860,11336,-130,79
2117, 643,-6.93825,7.36021,7.18759,6.63138,0.0166539,-0.00759418,-11576,12280,11992,11064,-125,57
2118, 644,-6.95983,7.52563,7.12286,6.8016,0.0217167,-0.00519602,-11612,12556,11884,11348,-163,39
2119, 643,-6.9886,7.38658,7.13724,6.68892,0.0242481,-0.00106585,-11660,12324,11908,11160,-182,8
2120, 642,-6.81358,7.57837,7.28109,6.71529,0.0302435,0.00479632,-11368,12644,12148,11204,-227,-36
2121, 642,-6.93825,7.48727,7.32424,6.55706,0.0378377,0.0146554,-11576,12492,12220,10940,-284,-110
2122, 644,-6.71769,7.59755,7.39377,6.48273,0.0554242,0.0337075,-11208,12676,12336,10816,-416,-253
2123, 645,-6.7057,7.57118,7.28828,6.68892,0.0750092,0.0532925,-11188,12632,12160,11160,-563,-400
2124, 645,-6.73207,7.5544,7.38178,6.56665,0.0931286,0.0695467,-11232,12604,12316,10956,-699,-522
2125, 648,-6.7992,7.53762,7.35062,6.66734,0.10845,0.087,-11344,12576,12264,11124,-814,-653
2126, 648,-6.77762,7.48727,7.31226,6.58583,0.124438,0.104187,-11308,12492,12200,10988,-934,-782
2127, 645,-6.72488,7.6455,7.48008,6.47554,0.148153,0.126703,-11220,12756,12480,10804,-1112,-951
2128, 648,-6.69131,7.60475,7.30986,6.57384,0.167338,0.150551,-11164,12688,12196,10968,-1256,-1130
2129, 650,-6.69131,7.58317,7.34103,6.54027,0.193052,0.174133,-11164,12652,12248,10912,-1449,-1307
2130, 654,-6.63857,7.55919,7.41295,6.57384,0.218766,0.201979,-11076,12612,12368,10968,-1642,-1516
2131, 653,-7.06532,7.31705,7.00298,6.90708,0.22596,0.202112,-11788,12208,11684,11524,-1696,-1517
2132, 652,-7.15882,7.28349,6.92147,6.80399,0.223562,0.19625,-11944,12152,11548,11352,-1678,-1473
2133, 657,-7.11087,7.23314,6.88791,6.90469,0.215701,0.192253,-11864,12068,11492,11520,-1619,-1443
2134, 662,-7.16601,7.22595,6.91188,6.93585,0.216767,0.190654,-11956,12056,11532,11572,-1627,-1431
2135, 660,-7.19478,7.17081,6.96942,6.95503,0.212104,0.184525,-12004,11964,11628,11604,-1592,-1385
2136, 662,-7.00538,7.32664,7.12286,6.7944,0.2169,0.188922,-11688,12224,11884,11336,-1628,-1418
2137, 664,-6.87592,7.41295,7.16841,6.8927,0.229291,0.209306,-11472,12368,11960,11500,-1721,-1571
2138, 666,-7.10847,7.19718,6.96223,6.90708,0.237018,0.213436,-11860,12008,11616,11524,-1779,-1602
2139, 665,-7.13484,7.22355,6.93346,6.84235,0.238351,0.217833,-11904,12052,11568,11416,-1789,-1635
2140, 664,-7.11806,7.23554,7.13484,6.82557,0.252074,0.231023,-11876,12072,11904,11388,-1892,-1734
2141, 670,-6.69851,7.49446,7.31945,6.66494,0.272724,0.253939,-11176,12504,12212,11120,-2047,-1906
2142, 670,-7.05333,7.25232,7.10128,6.77283,0.29524,0.276721,-11768,12100,11848,11300,-2216,-2077
2143, 674,-7.20917,7.12765,6.92147,6.93346,0.306032,0.282983,-12028,11892,11548,11568,-2297,-2124
2144, 674,-7.35062,6.991,6.86153,6.94065,0.309629,0.289511,-12264,11664,11448,11580,-2324,-2173
2145, 681,-7.33383,7.09169,7.00778,6.9862,0.314692,0.294041,-12236,11832,11692,11656,-2362,-2207
2146, 685,-7.07251,7.18519,6.42759,7.24513,0.323885,0.297505,-11800,11988,10724,12088,-2431,-2233
2147, 685,-7.5544,6.93825,6.55706,7.21156,0.318423,0.288446,-12604,11576,10940,12032,-2390,-2165
2148, 686,-7.33863,7.09888,6.18785,7.53282,0.314026,0.283783,-12244,11844,10324,12568,-2357,-2130
2149, 692,-7.57598,7.14443,6.74166,7.10847,0.30057,0.274057,-12640,11920,11248,11860,-2256,-2057
2150, 696,-7.97635,6.56904,6.63617,7.26191,0.283916,0.254738,-13308,10960,11072,12116,-2131,-1912
2151, 697,-7.81093,6.74885,6.35567,7.41774,0.258469,0.233821,-13032,11260,10604,12376,-1940,-1755
2152, 695,-7.34342,6.90469,5.82104,7.57118,0.236485,0.20491,-12252,11520,9712,12632,-1775,-1538
2153, 701,-8.18973,6.94065,6.28614,6.9862,0.214902,0.19132,-13664,11580,10488,11656,-1613,-1436
2154, 706,-7.70064,6.8927,6.55706,7.29068,0.207175,0.183459,-12848,11500,10940,12164,-1555,-1377
2155, 703,-6.9838,7.25711,6.64816,7.21636,0.213836,0.192519,-11652,12108,11092,12040,-1605,-1445
2156, 704,-7.24033,7.04374,6.93346,7.00778,0.229025,0.210239,-12080,11752,11568,11692,-1719,-1578
2157, 707,-7.64311,7.54481,7.07011,7.09409,0.252873,0.228492,-12752,12588,11796,11836,-1898,-1715
2158, 713,-6.67453,6.85434,6.16147,6.62658,0.270726,0.254338,-11136,11436,10280,11056,-2032,-1909
2159, 714,-8.46543,7.85408,6.94784,7.79175,0.293508,0.266596,-14124,13104,11592,13000,-2203,-2001
2160, 712,-6.69851,6.5163,8.00272,7.97156,0.321221,0.291377,-11176,10872,13352,13300,-2411,-2187
2161, 722,-7.47289,6.26217,6.69131,6.90469,0.333478,0.317757,-12468,10448,11164,11520,-2503,-2385
2162, 726,-7.96916,7.16122,7.30027,7.61673,0.366786,0.344136,-13296,11948,12180,12708,-2753,-2583
2163, 722,-7.38658,6.46595,6.99339,7.00778,0.390234,0.372115,-12324,10788,11668,11692,-2929,-2793
2164, 727,-7.38178,7.33863,6.12312,7.5496,0.412084,0.3913,-12316,12244,10216,12596,-3093,-2937
2165, 729,-7.95238,6.59781,6.17826,7.3626,0.417813,0.398495,-13268,11008,10308,12284,-3136,-2991
2166, 739,-7.96676,6.37245,6.40602,7.47528,0.415681,0.395697,-13292,10632,10688,12472,-3120,-2970
2167, 738,-8.2161,6.15428,5.88816,8.01231,0.412484,0.387703,-13708,10268,9824,13368,-3096,-2910
2168, 737,-7.94039,6.10873,6.1351,7.16122,0.407954,0.384106,-13248,10192,10236,11948,-3062,-2883
2169, 751,-7.67667,6.43718,6.84715,7.24273,0.40902,0.38344,-12808,10740,11424,12084,-3070,-2878
2170, 751,-7.77976,6.27895,6.15908,7.37219,0.409553,0.384772,-12980,10476,10276,12300,-3074,-2888
2171, 756,-7.552,6.30053,6.07756,7.14923,0.418346,0.398361,-12600,10512,10140,11928,-3140,-2990
2172, 754,-7.24992,6.24059,6.2286,7.89004,0.436466,0.420345,-12096,10412,10392,13164,-3276,-3155
2173, 767,-6.75844,5.98646,7.10368,7.77736,0.469107,0.455251,-11276,9988,11852,12976,-3521,-3417
2174, 768,-7.30267,7.82052,6.56425,7.88525,0.510009,0.500283,-12184,13048,10952,13156,-3828,-3755
2175, 771,-7.95717,6.15908,6.95024,6.49472,0.571296,0.559438,-13276,10276,11596,10836,-4288,-4199
2176, 768,-6.72728,7.42733,6.17106,6.99339,0.633248,0.624055,-11224,12392,10296,11668,-4753,-4684
2177, 783,-7.24752,6.97661,6.46835,7.06292,0.684409,0.667888,-12092,11640,10792,11784,-5137,-5013
2178, 792,-8.45105,6.10633,5.76589,7.21875,0.706259,0.690404,-14100,10188,9620,12044,-5301,-5182
2179, 790,-8.32159,6.31731,5.69397,8.47742,0.712387,0.696666,-13884,10540,9500,14144,-5347,-5229
2180, 791,-8.20891,5.97927,5.54533,8.06746,0.708923,0.68774,-13696,9976,9252,13460,-5321,-5162
2181, 807,-7.79894,6.43958,5.55252,8.22329,0.70013,0.680145,-13012,10744,9264,13720,-5255,-5105
2182, 816,-8.26165,6.10154,5.01069,7.94279,0.690404,0.667888,-13784,10180,8360,13252,-5182,-5013
2183, 815,-7.91881,6.09674,5.55012,7.54241,0.686674,0.663758,-13212,10172,9260,12584,-5154,-4982
2184, 816,-7.97635,6.0416,5.69397,8.08903,0.689205,0.663891,-13308,10080,9500,13496,-5173,-4983
2185, 831,-8.67641,5.69397,5.61006,7.66708,0.699064,0.68281,-14476,9500,9360,12792,-5247,-5125
2186, 838,-8.19452,6.29813,5.14735,7.9332,0.714253,0.693202,-13672,10508,8588,13236,-5361,-5203
2187, 840,-8.51099,5.79946,5.11139,7.79175,0.729041,0.705459,-14200,9676,8528,13000,-5472,-5295
2188, 837,-7.6455,6.37964,6.07037,7.39377,0.740899,0.725711,-12756,10644,10128,12336,-5561,-5447
2189, 857,-7.44412,6.08476,5.52854,8.25925,0.771675,0.754888,-12420,10152,9224,13780,-5792,-5666
2190, 866,-8.05547,5.68678,5.88816,7.89963,0.815242,0.806848,-13440,9488,9824,13180,-6119,-6056
2191, 867,-7.9332,5.98406,6.15668,8.07225,0.86547,0.84775,-13236,9984,10272,13468,-6496,-6363
2192, 867,-8.59729,5.59807,5.56451,7.77257,0.910236,0.898378,-14344,9340,9284,12968,-6832,-6743
2193, 885,-7.48008,5.8522,5.92892,7.15402,0.954469,0.949539,-12480,9764,9892,11936,-7164,-7127
2194, 896,-7.45371,5.77548,5.92413,7.60954,1.02681,1.01962,-12436,9636,9884,12696,-7707,-7653
2195, 898,-7.35301,5.7587,5.73233,8.35755,1.10475,1.10489,-12268,9608,9564,13944,-8292,-8293
2196, 900,-7.10607,5.52615,5.21687,7.37459,1.19122,1.19002,-11856,9220,8704,12304,-8941,-8932
2197, 931,-8.14897,5.73952,6.05599,6.991,1.26703,1.26396,-13596,9576,10104,11664,-9510,-9487
2198, 941,-7.60235,5.80186,6.27655,6.63857,1.37468,1.38467,-12684,9680,10472,11076,-10318,-10393
2199, 944,-7.63112,5.43025,5.9481,7.44412,1.48913,1.50245,-12732,9060,9924,12420,-11177,-11277
2200, 944,-5.92173,6.11353,5.78028,6.67693,1.62209,1.64487,-9880,10200,9644,11140,-12175,-12346
2201, 984,-7.23554,5.1977,5.76589,6.96223,1.77238,1.80022,-12072,8672,9620,11616,-13303,-13512
2202, 998,-2.90093,7.81093,10.9037,2.29437,2.05176,2.14609,-4840,13032,18192,3828,-15400,-16108
2203, 1000,-1.54876,9.05761,9.71451,4.08767,2.53059,2.61693,-2584,15112,16208,6820,-18994,-19642
2204, 1002,-1.91557,6.86633,9.9135,1.54876,3.06832,3.21101,-3196,11456,16540,2584,-23030,-24101
2205, 1076,-0.776777,7.35062,8.99767,2.59885,3.59738,3.72501,-1296,12264,15012,4336,-27001,-27959
2206, 1105,0.232554,5.57889,9.10795,0.932612,4.14736,4.27752,388,9308,15196,1556,-31129,-32106
2207, 1107,1.06687,5.77309,8.10102,0.592173,4.36572,4.36572,1780,9632,13516,988,-32768,-32768
2208, 1114,1.04769,4.18357,6.71289,-0.551416,4.36572,4.36572,1748,6980,11200,-920,-32768,-32768
2209, 1254,1.2251,3.2102,7.00059,-1.80769,4.36572,4.36572,2044,5356,11680,-3016,-32768,-32768
2210, 1297,-2.09059,-1.74535,-1.7022,2.73071,4.36572,4.36572,-3488,-2912,-2840,4556,-32768,-32768
2211, 1308,-12.9727,-10.5536,-17.3552,15.9335,4.36572,4.36572,-21644,-17608,-28956,26584,-32768,-32768
2212, 1314,-19.64,-19.64,-19.64,19.6394,-1.93545,-2.74949,-32768,-32768,-32768,32767,14527,20637
2213, 1381,3.81436,-3.24137,-0.558608,7.43692,-2.63372,-2.69007,6364,-5408,-932,12408,19768,20191
2214, 1364,13.5504,15.8856,18.1919,1.3234,-2.22923,-2.10705,22608,26504,30352,2208,16732,15815
2215, 1359,-6.63857,-6.39882,-8.03149,4.71101,-1.71682,-1.68191,-11076,-10676,-13400,7860,12886,12624
2216, 1358,-0.294888,11.9394,19.6394,1.34018,-0.975119,-0.842688,-492,19920,32767,2236,7319,6325
2217, 1317,0.834316,5.12817,-0.616147,6.06797,-0.441129,-0.410086,1392,8556,-1028,10124,3311,3078
2218, 1311,-1.52239,8.0243,16.6695,3.04957,0.213436,0.346534,-2540,13388,27812,5088,-1602,-2601
2219, 1317,-2.00428,7.12525,3.83354,6.86393,0.795524,0.828832,-3344,11888,6396,11452,-5971,-6221
2220, 1314,-5.84501,3.42118,6.45876,3.72565,1.12394,1.1755,-9752,5708,10776,6216,-8436,-8823
2221, 1338,-4.60073,3.38282,3.04478,7.81572,1.43956,1.47141,-7676,5644,5080,13040,-10805,-11044
2222, 1348,-8.24966,2.47418,2.00188,8.76032,1.72548,1.70762,-13764,4128,3340,14616,-12951,-12817
2223, 1350,-12.2031,-2.58686,-5.05864,12.1264,1.5275,1.45195,-20360,-4316,-8440,20232,-11465,-10898
2224, 1350,-15.9311,-4.55997,-6.35567,14.7875,1.1775,1.06851,-26580,-7608,-10604,24672,-8838,-8020
2225, 1393,-19.64,-9.83918,-14.1354,19.6394,0.362789,0.154415,-32768,-16416,-23584,32767,-2723,-1159
2226, 1393,-19.2156,-6.63377,-8.81067,15.6386,-0.464844,-0.58715,-32060,-11068,-14700,26092,3489,4407
2227, 1394,-13.433,-1.06447,-0.973369,11.3112,-0.755021,-0.81311,-22412,-1776,-1624,18872,5667,6103
2228, 1392,-8.85143,0.59457,-0.546621,6.15188,-0.738234,-0.735703,-14768,992,-912,10264,5541,5522
2229, 1373,-6.62658,4.25549,3.7808,7.35062,-0.554908,-0.533325,-11056,7100,6308,12264,4165,4003
2230, 1368,-5.4806,5.31277,3.98937,6.56904,-0.227026,-0.191453,-9144,8864,6656,10960,1704,1437
2231, 1364,-6.71289,3.0232,3.68969,6.80879,0.0567565,0.0744763,-11200,5044,6156,11360,-426,-559
2232, 1365,-6.64576,2.30636,2.81941,8.13219,0.286447,0.304167,-11088,3848,4704,13568,-2150,-2283
2233, 1369,-7.35301,2.31595,2.80023,8.9665,0.455651,0.449655,-12268,3864,4672,14960,-3420,-3375
2234, 1373,-10.7262,-0.246938,-1.65185,9.76486,0.486028,0.44819,-17896,-412,-2756,16292,-3648,-3364
2235, 1375,-11.7571,-0.800752,-1.08845,11.6109,0.394764,0.341605,-19616,-1336,-1816,19372,-2963,-2564
2236, 1375,-13.584,-2.72112,-4.36578,12.51,0.180662,0.0977917,-22664,-4540,-7284,20872,-1356,-734
2237, 1380,-13.3898,-2.09059,-2.70194,11.6277,-0.0960597,-0.152283,-22340,-3488,-4508,19400,721,1143
2238, 1381,-11.8147,0.242144,-0.918228,11.4479,-0.213436,-0.24741,-19712,404,-1532,19100,1602,1857
2239, 1379,-10.7526,0.918228,1.18914,9.37887,-0.201446,-0.223695,-17940,1532,1984,15648,1512,1679
2240, 1381,-8.61168,1.83166,1.12201,8.96171,-0.159211,-0.174133,-14368,3056,1872,14952,1195,1307
2241, 1376,-8.76751,1.68781,2.34232,8.46304,-0.0464977,-0.0439663,-14628,2816,3908,14120,349,330
2242, 1375,-8.62127,1.78611,1.90838,8.97849,0.0876662,0.0780735,-14384,2980,3184,14980,-658,-586
2243, 1378,-9.82959,0.414761,0.724033,8.88979,0.157213,0.14349,-16400,692,1208,14832,-1180,-1077
2244, 1378,-10.7143,0.62334,-1.15078,10.6807,0.172668,0.137894,-17876,1040,-1920,17820,-1296,-1035
2245, 1379,-11.539,-0.77438,-1.321,10.954,0.102588,0.0632848,-19252,-1292,-2204,18276,-770,-475
2246, 1379,-11.0043,-1.70939,-2.05462,10.242,0.0189188,-0.0202511,-18360,-2852,-3428,17088,-142,152
2247, 1376,-9.90391,0.381196,-2.10737,9.77685,-0.0267795,-0.0648836,-16524,636,-3516,16312,201,487
2248, 1381,-10.8965,0.110283,-0.532236,9.69054,-0.0819372,-0.108983,-18180,184,-888,16168,615,818
2249, 1377,-9.27098,1.6063,0.230156,9.51073,-0.0659495,-0.0855345,-15468,2680,384,15868,495,642
2250, 1378,-9.08398,1.27065,1.53677,8.8754,0.00119908,-0.0202511,-15156,2120,2564,14808,-9,152
2251, 1377,-9.65697,0.860688,0.692866,9.65697,0.0516937,0.0311761,-16112,1436,1156,16112,-388,-234
2252, 1375,-10.2252,0.539429,0.218169,10.0334,0.0751424,0.0468974,-17060,900,364,16740,-564,-352
2253, 1375,-10.5057,0.541826,-0.537031,10.3019,0.0566233,0.0262466,-17528,904,-896,17188,-425,-197
2254, 1374,-10.6639,0.2829,0.0239746,10.2204,0.0297106,0.00306432,-17792,472,40,17052,-223,-23
2255, 1376,-10.4697,0.268516,-0.14145,10.2396,0.0129234,-0.0198515,-17468,448,-236,17084,-97,149
2256, 1377,-10.5656,-0.32126,-0.105488,10.031,-0.0146554,-0.0429005,-17628,-536,-176,16736,110,322
2257, 1377,-10.0765,0.707251,0.402773,9.92309,-0.0155881,-0.0468974,-16812,1180,672,16556,117,352
2258, 1380,-9.98782,0.227759,0.0335645,9.65697,-0.00279786,-0.0186524,-16664,380,56,16112,21,140
2259, 1376,-10.6951,0.266118,0.0911035,9.70732,0.00519602,-0.0231822,-17844,444,152,16196,-39,174
2260, 1377,-10.4937,-0.0887061,-0.340439,10.1341,-0.0173201,-0.0527596,-17508,-148,-568,16908,130,396
2261, 1378,-10.2683,0.77438,0.124668,9.98542,-0.03051,-0.0643507,-17132,1292,208,16660,229,483
2262, 1377,-10.1269,0.616147,0.400376,9.77445,-0.0225161,-0.0435666,-16896,1028,668,16308,169,327
2263, 1375,-10.5249,0.541826,0.13186,9.9135,-0.00972588,-0.0335743,-17560,904,220,16540,73,252
2264, 1376,-10.1892,0.409966,-0.187002,9.85356,-0.0139893,-0.0451654,-17000,684,-312,16440,105,339
2265, 1379,-10.182,0.572993,0.182207,9.84877,-0.0199847,-0.0451654,-16988,956,304,16432,150,339
2266, 1375,-10.0789,0.635327,0.333247,9.70252,-0.0021317,-0.0229158,-16816,1060,556,16188,16,172
2267, 1376,-10.3307,0.44353,0.062334,9.95666,0.00786064,-0.0194518,-17236,740,104,16612,-59,146
2268, 1375,-10.4074,0.352427,-0.0695264,9.98063,-0.000133231,-0.0303767,-17364,588,-116,16652,1,228
2269, 1378,-10.3115,0.48189,0.00719238,10.0741,-0.0085268,-0.0403691,-17204,804,12,16808,64,303
2270, 1377,-10.2611,0.529839,0.17981,9.79123,-0.0114579,-0.035706,-17120,884,300,16336,86,268
2271, 1378,-10.242,0.572993,0.0887061,10.0334,-0.00479632,-0.0326417,-17088,956,148,16740,36,245
2272, 1377,-10.2899,0.544224,0.198989,9.85117,-0.0111914,-0.0403691,-17168,908,332,16436,84,303
2273, 1374,-10.2012,0.62334,0.362017,9.88713,-0.00746095,-0.0289112,-17020,1040,604,16496,56,217
2274, 1373,-10.1532,0.635327,0.254131,9.82,0.00386371,-0.0203844,-16940,1060,424,16384,-29,153
2275, 1377,-10.3379,0.525044,0.0359619,10.0238,0.0130567,-0.0183859,-17248,876,60,16724,-98,138
2276, 1375,-10.3906,0.405171,0.00239746,9.90871,-0.000932619,-0.0295773,-17336,676,4,16532,7,222
2277, 1373,-10.2276,0.505864,0.0982959,9.94467,-0.00466309,-0.0293109,-17064,844,164,16592,35,220
2278, 1375,-10.1748,0.549019,0.237349,9.86315,-0.00199847,-0.0271792,-16976,916,396,16456,15,204
2279, 1376,-10.2108,0.541826,0.13186,9.93508,0.000932619,-0.0221164,-17036,904,220,16576,-7,166
2280, 1371,-10.2635,0.544224,0.227759,9.87274,0.00586217,-0.0210505,-17124,908,380,16472,-44,158
2281, 1375,-10.23,0.551416,0.218169,9.87274,0.00959265,-0.013856,-17068,920,364,16472,-72,104
2282, 1375,-10.1652,0.60416,0.206182,9.89672,0.0175865,-0.00826034,-16960,1008,344,16512,-132,62
2283, 1375,-10.2971,0.457915,0.0863086,9.87274,0.0157213,-0.0102588,-17180,764,144,16472,-118,77
2284, 1374,-10.357,0.46271,0.0839111,9.88473,0.012124,-0.0134564,-17280,772,140,16492,-91,101
2285, 1375,-10.3139,0.575391,0.201387,9.88713,0.00972588,-0.0162542,-17208,960,336,16496,-73,122
2286, 1375,-10.2923,0.582583,0.165425,9.86555,0.010392,-0.0201179,-17172,972,276,16460,-78,151
2287, 1377,-10.2012,0.477095,0.107886,9.85596,0.0113247,-0.0179862,-17020,796,180,16444,-85,135
2288, 1375,-10.2372,0.563403,0.187002,9.89432,0.0123905,-0.012124,-17080,940,312,16508,-93,91
2289, 1374,-10.1748,0.520249,0.33085,9.84637,0.0149219,-0.00945942,-16976,868,552,16428,-112,71
2290, 1377,-10.2204,0.568198,0.117476,9.93508,0.0194518,-0.00652833,-17052,948,196,16576,-146,49
2291, 1371,-10.2635,0.496274,0.0743213,9.87274,0.0190521,-0.00999234,-17124,828,124,16472,-143,75
2292, 1371,-10.2515,0.479492,0.062334,9.94227,0.0175865,-0.014389,-17104,800,104,16588,-132,108
2293, 1374,-10.2995,0.417158,0.0407568,9.95186,0.0157213,-0.0155881,-17184,696,68,16604,-118,117
2294, 1375,-10.2515,0.513057,0.0647314,9.99501,0.0114579,-0.0127902,-17104,856,108,16676,-86,96
2295, 1375,-10.2827,0.474697,0.093501,9.86076,0.00972588,-0.0167871,-17156,792,156,16452,-73,126
2296, 1375,-10.23,0.467505,0.177412,9.87274,0.0107917,-0.0155881,-17068,780,296,16472,-81,117
2297, 1377,-10.23,0.580186,0.182207,9.87274,0.0130567,-0.0142557,-17068,968,304,16472,-98,107
2298, 1375,-10.2995,0.556211,0.0671289,9.88233,0.0158545,-0.0085268,-17184,928,112,16488,-119,64
2299, 1374,-10.3091,0.551416,0.246938,9.92789,0.0173201,-0.00812711,-17200,920,412,16564,-130,61
2300, 1375,-10.2515,0.551416,0.0431543,9.9111,0.0119908,-0.0171868,-17104,920,72,16536,-90,129
2301, 1373,-10.2755,0.515454,0.0719238,9.96864,0.0114579,-0.0145222,-17144,860,120,16632,-86,109
2302, 1375,-10.2084,0.572993,0.0911035,9.90151,0.0135896,-0.0155881,-17032,956,152,16520,-102,117
2303, 1374,-10.2683,0.503467,0.0743213,9.85117,0.0118576,-0.0122573,-17132,840,124,16436,-89,92
2304, 1377,-10.2036,0.527441,0.100693,9.88953,0.00772741,-0.0179862,-17024,880,168,16500,-58,135
2305, 1376,-10.218,0.568198,0.189399,9.87994,0.0115911,-0.0129234,-17048,948,316,16484,-87,97
2306, 1374,-10.1844,0.587378,0.182207,9.85836,0.0129234,-0.0118576,-16992,980,304,16448,-97,89
2307, 1375,-10.2444,0.501069,0.148643,9.9159,0.0171868,-0.010925,-17092,836,248,16544,-129,82
2308, 1374,-10.2444,0.498672,0.112681,9.83918,0.0123905,-0.0102588,-17092,832,188,16416,-93,77
2309, 1374,-10.2396,0.448325,0.15104,9.94707,0.0155881,-0.0122573,-17084,748,252,16596,-117,92
2310, 1374,-10.2324,0.520249,0.191797,9.89912,0.0151884,-0.0130567,-17072,868,320,16516,-114,98
2311, 1375,-10.2635,0.556211,0.105488,9.93268,0.0135896,-0.0139893,-17124,928,176,16572,-102,105
2312, 1371,-10.2228,0.517852,0.213374,9.86076,0.012657,-0.0111914,-17056,864,356,16452,-95,84
2313, 1374,-10.2587,0.484287,0.146245,9.92789,0.0134564,-0.0134564,-17116,808,244,16564,-101,101
2314, 1373,-10.218,0.620942,0.115078,9.92309,0.0123905,-0.0159877,-17048,1036,192,16556,-93,120
2315, 1375,-10.2108,0.563403,0.189399,9.88713,0.0146554,-0.0118576,-17036,940,316,16496,-110,89
2316, 1375,-10.206,0.63293,0.155835,9.9135,0.0163874,-0.00959265,-17028,1056,260,16540,-123,72
2317, 1374,-10.2132,0.546621,0.165425,9.88233,0.0151884,-0.0113247,-17040,912,276,16488,-114,85
2318, 1375,-10.2683,0.556211,0.148643,9.92549,0.0170536,-0.0111914,-17132,928,248,16560,-128,84
2319, 1373,-10.2444,0.457915,0.0503467,9.9111,0.0111914,-0.0146554,-17092,764,84,16536,-84,110
2320, 1377,-10.2971,0.525044,0.0695264,9.86795,0.0141225,-0.0135896,-17180,876,116,16464,-106,102
2321, 1374,-10.2228,0.517852,0.158232,9.9159,0.0145222,-0.0151884,-17056,864,264,16544,-109,114
2322, 1374,-10.2563,0.479492,0.124668,9.88953,0.0133231,-0.0117243,-17112,800,208,16500,-100,88
2323, 1374,-10.2515,0.474697,0.0719238,9.90631,0.0111914,-0.0122573,-17104,792,120,16528,-84,92
2324, 1374,-10.2348,0.517852,0.0958984,9.90871,0.0113247,-0.0183859,-17076,864,160,16532,-85,138
2325, 1374,-10.2348,0.534634,0.112681,9.84637,0.00879326,-0.0153216,-17076,892,188,16428,-66,115
2326, 1373,-10.1748,0.570596,0.184604,9.89432,0.0105253,-0.0149219,-16976,952,308,16508,-79,112
2327, 1375,-10.2635,0.582583,0.167822,9.87035,0.0133231,-0.0162542,-17124,972,280,16468,-100,122
2328, 1376,-10.1029,0.599365,0.206182,9.85117,0.0170536,-0.0105253,-16856,1000,344,16436,-128,79
2329, 1374,-10.17,0.537031,0.177412,9.90871,0.0158545,-0.00839357,-16968,896,296,16532,-119,63
2330, 1375,-10.194,0.508262,0.107886,9.92069,0.0155881,-0.00866003,-17008,848,180,16552,-117,65
2331, 1374,-10.6639,0.194194,-0.381196,10.4026,-0.00106585,-0.0371715,-17792,324,-636,17356,8,279
2332, 1375,-11.1026,-0.0575391,-0.731226,10.5872,-0.0516937,-0.096193,-18524,-96,-1220,17664,388,722
2333, 1372,-11.328,-0.350029,-1.00454,10.8149,-0.130433,-0.174,-18900,-584,-1676,18044,979,1306
2334, 1371,-11.5102,-0.366812,-0.851099,10.6088,-0.221164,-0.258469,-19204,-612,-1420,17700,1660,1940
2335, 1371,-10.8461,0.187002,-0.374004,10.3235,-0.279386,-0.312694,-18096,312,-624,17224,2097,2347
2336, 1371,-10.381,0.577788,0.328452,9.87514,-0.292842,-0.319622,-17320,964,548,16476,2198,2399
2337, 1361,-10.0142,0.798354,0.414761,9.74568,-0.283516,-0.30843,-16708,1332,692,16260,2128,2315
2338, 1360,-9.50354,1.09324,0.985356,9.32852,-0.24328,-0.263931,-15856,1824,1644,15564,1826,1981
2339, 1360,-9.68334,1.14119,0.78397,9.6306,-0.201179,-0.223162,-16156,1904,1308,16068,1510,1675
2340, 1361,-10.2276,0.671289,0.158232,10.019,-0.189055,-0.219299,-17064,1120,264,16716,1419,1646
2341, 1353,-10.5057,0.520249,0.134258,10.1197,-0.207574,-0.242881,-17528,868,224,16884,1558,1823
2342, 1352,-10.5632,0.438735,0.0383594,10.0142,-0.235953,-0.267662,-17624,732,64,16708,1771,2009
2343, 1352,-10.7286,0.287695,-0.268516,10.4194,-0.265796,-0.306032,-17900,480,-448,17384,1995,2297
2344, 1350,-11.5534,-0.194194,-1.03091,11.0499,-0.347867,-0.399427,-19276,-324,-1720,18436,2611,2998
2345, 1344,-12.3589,-0.798354,-1.74056,11.6589,-0.486294,-0.547447,-20620,-1332,-2904,19452,3650,4109
2346, 1339,-12.7785,-0.961382,-2.06661,11.8003,-0.674683,-0.739167,-21320,-1604,-3448,19688,5064,5548
2347, 1337,-12.625,-0.822329,-1.80289,11.5414,-0.855345,-0.917297,-21064,-1372,-3008,19256,6420,6885
2348, 1339,-12.4404,-0.625737,-1.63507,11.3855,-1.02601,-1.0833,-20756,-1044,-2728,18996,7701,8131
2349, 1313,-12.1743,-0.477095,-1.29223,11.1818,-1.17696,-1.24478,-20312,-796,-2156,18656,8834,9343
2350, 1303,-11.9585,-0.385991,-1.26826,11.0163,-1.32392,-1.38894,-19952,-644,-2116,18380,9937,10425
2351, 1304,-11.8387,-0.215771,-0.848701,10.8941,-1.46754,-1.52017,-19752,-360,-1416,18176,11015,11410
2352, 1302,-11.376,0.139053,-0.539429,10.568,-1.58412,-1.64061,-18980,232,-900,17632,11890,12314
2353, 1256,-11.0571,0.460313,0.0263721,10.2851,-1.67338,-1.73081,-18448,768,44,17160,12560,12991
2354, 1243,-10.8245,0.738418,0.127065,10.1413,-1.75545,-1.81048,-18060,1232,212,16920,13176,13589
2355, 1240,-10.7934,0.846304,0.227759,10.0957,-1.83939,-1.89215,-18008,1412,380,16844,13806,14202
2356, 1241,-10.8557,0.923022,0.316465,10.1029,-1.91946,-1.98102,-18112,1540,528,16856,14407,14869
2357, 1184,-10.7982,1.02611,0.568198,9.98782,-2.01326,-2.07414,-18016,1712,948,16664,15111,15568
2358, 1171,-10.5896,1.31621,0.858291,9.75767,-2.0944,-2.15435,-17668,2196,1432,16280,15720,16170
2359, 1173,-10.1125,1.70939,1.36895,9.33571,-2.15262,-2.20791,-16872,2852,2284,15576,16157,16572
2360, 1168,-9.51073,2.13854,2.15052,8.93534,-2.18659,-2.22896,-15868,3568,3588,14908,16412,16730
2361, 1103,-9.1607,2.6468,2.46459,8.60928,-2.18326,-2.23069,-15284,4416,4112,14364,16387,16743
2362, 1089,-8.97609,2.97765,2.87456,8.54215,-2.17287,-2.21297,-14976,4968,4796,14252,16309,16610
2363, 1090,-8.93773,3.14067,3.10471,8.41029,-2.15675,-2.20085,-14912,5240,5180,14032,16188,16519
2364, 1087,-8.94253,3.3085,3.17903,8.50379,-2.14822,-2.19445,-14920,5520,5304,14188,16124,16471
2365, 1023,-8.98329,3.35884,3.17664,8.51338,-2.14822,-2.19379,-14988,5604,5300,14204,16124,16466
2366, 1008,-9.02404,3.52906,3.29411,8.60688,-2.15955,-2.21137,-15056,5888,5496,14360,16209,16598
2367, 1006,-9.00726,3.67051,3.36364,8.46064,-2.1786,-2.22656,-15028,6124,5612,14116,16352,16712
2368, 1003,-8.86341,3.8695,3.72565,8.26405,-2.19299,-2.24162,-14788,6456,6216,13788,16460,16825
2369, 944,-8.6908,4.16439,4.03013,8.06506,-2.20125,-2.24828,-14500,6948,6724,13456,16522,16875
2370, 927,-10.0981,3.0256,1.58712,9.64019,-2.25161,-2.33048,-16848,5048,2648,16084,16900,17492
2371, 921,-9.23981,3.963,4.17877,7.77017,-2.33128,-2.38284,-15416,6612,6972,12964,17498,17885
2372, 921,-7.81812,4.85246,4.41852,7.69825,-2.35633,-2.40416,-13044,8096,7372,12844,17686,18045
2373, 857,-7.96437,4.82609,5.0083,7.23314,-2.34101,-2.38111,-13288,8052,8356,12068,17571,17872
2374, 842,-6.39163,6.17586,6.86633,6.03201,-2.28758,-2.31263,-10664,10304,11456,10064,17170,17358
2375, 841,-5.87378,6.64576,6.56425,6.38684,-2.17247,-2.19765,-9800,11088,10952,10656,16306,16495
2376, 837,-6.50431,6.35327,6.75604,6.40362,-2.07308,-2.09639,-10852,10600,11272,10684,15560,15735
2377, 777,-6.56185,6.7009,6.54986,6.37485,-1.98941,-2.01725,-10948,11180,10928,10636,14932,15141
2378, 769,-5.33435,7.4633,8.39111,5.097,-1.88482,-1.89455,-8900,12452,14000,8504,14147,14220
2379, 764,-5.02508,7.72702,7.91642,5.56451,-1.72894,-1.744,-8384,12892,13208,9284,12977,13090
2380, 762,-5.23605,8.05547,8.45824,5.24564,-1.55974,-1.57,-8736,13440,14112,8752,11707,11784
2381, 713,-5.14975,8.24966,8.47982,5.55492,-1.40372,-1.41611,-8592,13764,14148,9268,10536,10629
2382, 703,-4.70622,8.58531,9.52751,4.60552,-1.22653,-1.22066,-7852,14324,15896,7684,9206,9162
2383, 703,-4.73738,8.48941,8.62846,5.45662,-1.05253,-1.05906,-7904,14164,14396,9104,7900,7949
2384, 700,-5.68678,7.99553,7.85888,5.89536,-0.910369,-0.930887,-9488,13340,13112,9836,6833,6987
2385, 663,-5.91454,8.01471,7.94519,6.12551,-0.820305,-0.842688,-9868,13372,13256,10220,6157,6325
2386, 666,-5.61246,8.09143,8.59969,5.61965,-0.733438,-0.742364,-9364,13500,14348,9376,5505,5572
2387, 664,-5.69637,8.28323,8.04588,6.11113,-0.632715,-0.651368,-9504,13820,13424,10196,4749,4889
2388, 663,-6.18065,7.9284,8.04348,5.86419,-0.54838,-0.5653,-10312,13228,13420,9784,4116,4243
2389, 648,-6.14229,7.94039,7.66948,6.27416,-0.489225,-0.509343,-10248,13248,12796,10468,3672,3823
2390, 644,-6.09914,8.09383,8.08184,5.96009,-0.425141,-0.441662,-10176,13504,13484,9944,3191,3315
2391, 644,-5.92652,7.91881,7.92121,6.14229,-0.359858,-0.378643,-9888,13212,13216,10248,2701,2842
2392, 643,-6.15428,7.93799,7.81333,6.16147,-0.296173,-0.318689,-10268,13244,13036,10280,2223,2392
2393, 635,-6.46116,7.75099,7.68146,6.33169,-0.261133,-0.284848,-10780,12932,12816,10564,1960,2138
2394, 631,-6.48034,7.82531,7.64071,6.31731,-0.231822,-0.251008,-10812,13056,12748,10540,1740,1884
2395, 629,-6.64576,7.57118,7.31705,6.46116,-0.212904,-0.234753,-11088,12632,12208,10780,1598,1762
2396, 628,-6.84955,7.48727,7.14923,6.64097,-0.209839,-0.237551,-11428,12492,11928,11080,1575,1783
2397, 622,-7.02216,7.42494,7.11566,6.7009,-0.2173,-0.251541,-11716,12388,11872,11180,1631,1888
2398, 623,-6.84955,7.54721,7.21636,6.56185,-0.231956,-0.25687,-11428,12592,12040,10948,1741,1928
2399, 621,-6.84955,7.49926,7.25232,6.60021,-0.236086,-0.265663,-11428,12512,12100,11012,1772,1994
2400, 620,-6.86153,7.53042,7.21396,6.54986,-0.243147,-0.271925,-11448,12564,12036,10928,1825,2041
2401, 612,-6.91907,7.50885,7.23793,6.59302,-0.24821,-0.283383,-11544,12528,12076,11000,1863,2127
2402, 612,-6.65775,7.62632,7.48248,6.40122,-0.25607,-0.28738,-11108,12724,12484,10680,1922,2157
2403, 609,-6.68172,7.65509,7.33383,6.49952,-0.255937,-0.284982,-11148,12772,12236,10844,1921,2139
2404, 612,-6.63138,7.75579,7.41055,6.33169,-0.255538,-0.280052,-11064,12940,12364,10564,1918,2102
2405, 604,-6.67693,7.5496,7.25472,6.52109,-0.254072,-0.283783,-11140,12596,12104,10880,1907,2130
2406, 602,-6.61699,7.68866,7.39617,6.45876,-0.255271,-0.286314,-11040,12828,12340,10776,1916,2149
2407, 602,-6.54747,7.73421,7.47049,6.28135,-0.260867,-0.287913,-10924,12904,12464,10480,1958,2161
2408, 599,-6.62658,7.72702,7.41535,6.41561,-0.257403,-0.289778,-11056,12892,12372,10704,1932,2175
2409, 594,-6.45396,7.82771,7.49926,6.29333,-0.253806,-0.276188,-10768,13060,12512,10500,1905,2073
2410, 591,-6.36766,7.88045,7.99313,5.99125,-0.246611,-0.265796,-10624,13148,13336,9996,1851,1995
2411, 592,-5.99125,8.18733,8.03389,5.94331,-0.215968,-0.235953,-9996,13660,13404,9916,1621,1771
2412, 590,-6.15908,8.15137,8.17294,5.84021,-0.177997,-0.193585,-10276,13600,13636,9744,1336,1453
2413, 584,-5.86898,8.30241,8.43187,5.69157,-0.12244,-0.13523,-9792,13852,14068,9496,919,1015
2414, 582,-5.43984,8.65723,8.55174,5.52135,-0.0586217,-0.0727443,-9076,14444,14268,9212,440,546
2415, 583,-5.50697,8.49181,8.01711,5.88097,0.00759418,-0.00159877,-9188,14168,13376,9812,-57,12
2416, 584,-5.75151,8.79389,8.51338,5.39189,0.0836692,0.0712787,-9596,14672,14204,8996,-628,-535
2417, 584,-5.74911,8.25925,8.0219,5.9457,0.146821,0.1307,-9592,13780,13384,9920,-1102,-981
2418, 584,-5.84021,8.19692,8.3048,5.59088,0.200646,0.186391,-9744,13676,13856,9328,-1506,-1399
2419, 584,-5.84741,8.33118,7.99074,6.14949,0.247544,0.228492,-9756,13900,13332,10260,-1858,-1715
2420, 586,-5.99125,8.12739,7.85648,5.9529,0.285648,0.269127,-9996,13560,13108,9932,-2144,-2020
2421, 593,-6.11832,8.1178,7.84929,6.19264,0.319089,0.301369,-10208,13544,13096,10332,-2395,-2262
2422, 599,-6.35327,7.88525,7.85168,6.14949,0.342138,0.320554,-10600,13156,13100,10260,-2568,-2406
2423, 597,-6.25258,7.97635,7.39856,6.40362,0.363588,0.344802,-10432,13308,12344,10684,-2729,-2588
2424, 597,-6.24059,7.73661,7.73181,6.03681,0.388103,0.373047,-10412,12908,12900,10072,-2913,-2800
2425, 604,-5.86898,8.10102,7.85648,6.25258,0.420345,0.397828,-9792,13516,13108,10432,-3155,-2986
2426, 611,-6.69371,7.87566,7.49926,6.46116,0.440462,0.424342,-11168,13140,12512,10780,-3306,-3185
2427, 608,-6.37725,7.92361,7.54481,6.46595,0.46098,0.444459,-10640,13220,12588,10788,-3460,-3336
2428, 611,-6.65056,7.66948,7.51844,6.33169,0.4779,0.465377,-11096,12796,12544,10564,-3587,-3493
2429, 623,-6.37245,7.76058,7.59276,6.34848,0.503081,0.488959,-10632,12948,12668,10592,-3776,-3670
2430, 625,-6.72008,7.3626,6.74166,6.74646,0.518536,0.496819,-11212,12284,11248,11256,-3892,-3729
2431, 623,-6.96942,7.72462,7.45371,6.28135,0.523066,0.500949,-11628,12888,12436,10480,-3926,-3760
2432, 629,-6.47314,7.5568,6.7968,6.92147,0.524398,0.504413,-10800,12608,11340,11548,-3936,-3786
2433, 644,-6.71769,7.43932,7.53282,6.52589,0.535057,0.515072,-11208,12412,12568,10888,-4016,-3866
2434, 647,-7.36021,7.24992,6.81358,6.83037,0.537455,0.505479,-12280,12096,11368,11396,-4034,-3794
2435, 649,-7.16841,7.05573,6.67693,7.24513,0.5216,0.492289,-11960,11772,11140,12088,-3915,-3695
2436, 649,-7.56878,6.77043,6.74406,6.92147,0.498152,0.4783,-12628,11296,11252,11548,-3739,-3590
2437, 661,-6.87352,7.18279,6.82317,6.96702,0.489891,0.466709,-11468,11984,11384,11624,-3677,-3503
2438, 663,-7.42733,6.72248,6.17826,7.33623,0.475769,0.450455,-12392,11216,10308,12240,-3571,-3381
2439, 664,-7.60475,7.14204,6.68652,6.92387,0.456717,0.431136,-12688,11916,11156,11552,-3428,-3236
2440, 664,-7.43213,6.67933,6.17586,7.2667,0.427139,0.402625,-12400,11144,10304,12124,-3206,-3022
2441, 677,-7.72941,7.02456,6.90708,6.80639,0.413017,0.389568,-12896,11720,11524,11356,-3100,-2924
2442, 683,-7.29787,7.02456,6.46355,7.52323,0.395297,0.362123,-12176,11720,10784,12552,-2967,-2718
2443, 682,-7.98834,6.78481,6.6122,7.365,0.363322,0.338008,-13328,11320,11032,12288,-2727,-2537
2444, 683,-7.75339,6.9838,6.55945,7.50166,0.33068,0.302435,-12936,11652,10944,12516,-2482,-2270
2445, 692,-7.84929,6.68172,6.58343,7.35062,0.304567,0.284315,-13096,11148,10984,12264,-2286,-2134
2446, 692,-7.76538,6.7009,6.24778,7.56639,0.284049,0.254738,-12956,11180,10424,12624,-2132,-1912
2447, 695,-8.03389,6.49712,6.30772,7.23074,0.25687,0.22596,-13404,10840,10524,12064,-1928,-1696
2448, 692,-7.56878,6.97661,6.06318,7.72941,0.224095,0.190654,-12628,11640,10116,12896,-1682,-1431
2449, 699,-8.04108,6.43479,6.57863,6.94544,0.19172,0.168271,-13416,10736,10976,11588,-1439,-1263
2450, 701,-7.14443,6.97182,6.00324,8.01471,0.173867,0.138028,-11920,11632,10016,13372,-1305,-1036
2451, 701,-8.26645,6.37245,5.99845,7.59276,0.139893,0.110049,-13792,10632,10008,12668,-1050,-826
2452, 702,-7.91402,6.66734,6.18065,7.58077,0.106452,0.0770077,-13204,11124,10312,12648,-799,-578
2453, 706,-7.97396,6.39882,6.31251,7.44891,0.0810046,0.0514273,-13304,10676,10532,12428,-608,-386
2454, 705,-7.90443,6.7033,6.14469,7.63112,0.0559571,0.0222496,-13188,11184,10252,12732,-420,-167
2455, 707,-7.81093,6.80399,6.36286,7.2691,0.0349066,0.00293109,-13032,11352,10616,12128,-262,-22
2456, 707,-7.78456,6.66254,6.17346,7.51364,-0.000932619,-0.0309096,-12988,11116,10300,12536,7,232
2457, 704,-7.94758,6.53308,6.21182,7.47768,-0.0274456,-0.0572894,-13260,10900,10364,12476,206,430
2458, 704,-7.67427,6.85674,6.49232,7.31945,-0.0507611,-0.0779403,-12804,11440,10832,12212,381,585
2459, 704,-7.62632,6.88071,6.46355,7.29787,-0.0654165,-0.0923292,-12724,11480,10784,12176,491,693
2460, 704,-7.77736,6.75604,6.48034,7.41295,-0.074876,-0.106052,-12976,11272,10812,12368,562,796
2461, 704,-7.71023,6.76084,6.35567,7.44891,-0.093928,-0.125104,-12864,11280,10604,12428,705,939
2462, 704,-7.76298,6.65775,6.39163,7.40096,-0.116844,-0.148286,-12952,11108,10664,12348,877,1113
2463, 700,-7.62872,6.8016,6.5163,7.30986,-0.131233,-0.161743,-12728,11348,10872,12196,985,1214
2464, 703,-7.46569,6.9862,6.67453,7.15642,-0.141358,-0.171069,-12456,11656,11136,11940,1061,1284
2465, 697,-7.34103,6.9862,6.65295,7.24513,-0.138694,-0.167605,-12248,11656,11100,12088,1041,1258
2466, 695,-7.48008,7.05573,6.78242,7.05813,-0.144289,-0.168937,-12480,11772,11316,11776,1083,1268
2467, 695,-7.39617,6.98141,6.64576,7.12525,-0.144423,-0.172002,-12340,11648,11088,11888,1084,1291
2468, 692,-7.41055,7.05093,6.67213,7.12286,-0.147087,-0.170403,-12364,11764,11132,11884,1104,1279
2469, 692,-7.36979,7.05093,6.81598,7.06292,-0.144556,-0.170136,-12296,11764,11372,11784,1085,1277
2470, 689,-7.30746,7.09648,6.78721,7.01497,-0.145222,-0.170669,-12192,11840,11324,11704,1090,1281
2471, 690,-7.29547,7.02216,6.7057,7.20197,-0.142824,-0.172801,-12172,11716,11188,12016,1072,1297
2472, 692,-7.34582,6.97182,6.75125,7.12286,-0.150551,-0.180129,-12256,11632,11264,11884,1130,1352
2473, 683,-7.6479,6.87112,6.73207,7.178,-0.168005,-0.197315,-12760,11464,11232,11976,1261,1481
2474, 685,-7.1756,7.23314,6.84715,6.93585,-0.173467,-0.201845,-11972,12068,11424,11572,1302,1515
2475, 684,-7.60954,6.92626,6.73687,7.0845,-0.181727,-0.208907,-12696,11556,11240,11820,1364,1568
2476, 683,-7.33144,7.23554,6.75125,6.991,-0.183992,-0.211571,-12232,12072,11264,11664,1381,1588
2477, 679,-7.38418,6.9886,6.58343,7.05813,-0.194651,-0.224894,-12320,11660,10984,11776,1461,1688
2478, 670,-7.21875,6.9862,6.62658,7.21636,-0.201446,-0.232755,-12044,11656,11056,12040,1512,1747
2479, 673,-7.42014,7.0773,6.92387,6.72728,-0.20904,-0.234887,-12380,11808,11552,11224,1569,1763
2480, 674,-7.15642,7.26191,6.91907,7.07491,-0.212237,-0.241282,-11940,12116,11544,11804,1593,1811
2481, 667,-7.35062,7.03175,6.66494,7.01737,-0.221164,-0.250075,-12264,11732,11120,11708,1660,1877
2482, 665,-7.09648,7.25951,7.12765,6.7992,-0.22223,-0.250342,-11840,12112,11892,11344,1668,1879
2483, 664,-7.31945,7.01497,6.86873,6.80639,-0.224228,-0.251807,-12212,11704,11460,11356,1683,1890
2484, 664,-7.01737,7.31226,7.03175,6.93346,-0.219698,-0.24408,-11708,12200,11732,11568,1649,1832
2485, 660,-7.19478,7.24033,6.64576,6.91907,-0.22183,-0.251141,-12004,12080,11088,11544,1665,1885
2486, 661,-6.91428,7.48727,7.30267,6.82078,-0.218632,-0.245812,-11536,12492,12184,11380,1641,1845
2487, 660,-7.12286,7.25951,6.66254,7.09169,-0.224495,-0.252074,-11884,12112,11116,11832,1685,1892
2488, 660,-7.10607,7.41295,7.23074,6.74885,-0.225294,-0.25194,-11856,12368,12064,11260,1691,1891
2489, 653,-7.35062,7.0821,6.71529,7.02936,-0.231689,-0.262066,-12264,11816,11204,11728,1739,1967
2490, 652,-6.97661,7.38658,7.38897,6.55466,-0.233821,-0.262865,-11640,12324,12328,10936,1755,1973
2491, 652,-7.06052,7.37459,6.9862,6.78481,-0.237418,-0.263398,-11780,12304,11656,11320,1782,1977
2492, 650,-6.91667,7.58796,6.9838,6.83516,-0.237685,-0.264331,-11540,12660,11652,11404,1784,1984
2493, 643,-7.12765,7.12525,7.44891,6.54027,-0.242614,-0.266329,-11892,11888,12428,10912,1821,1999
2494, 643,-6.37964,7.5496,7.30027,6.80879,-0.232222,-0.262732,-10644,12596,12180,11360,1743,1972
2495, 642,-7.13005,7.1756,7.18759,6.36286,-0.23009,-0.252873,-11896,11972,11992,10616,1727,1898
2496, 643,-6.29813,7.99074,7.15402,7.0821,-0.222096,-0.25607,-10508,13332,11936,11816,1667,1922
2497, 633,-7.47289,7.05093,7.0797,6.40602,-0.224361,-0.251274,-12468,11764,11812,10688,1684,1886
2498, 632,-6.55945,7.66948,7.49686,6.62658,-0.217034,-0.244879,-10944,12796,12508,11056,1629,1838
2499, 632,-6.83516,7.61913,7.55919,6.27176,-0.20411,-0.230224,-11404,12712,12612,10464,1532,1728
2500, 630,-6.74885,7.4609,7.09169,6.62658,-0.194518,-0.223695,-11260,12448,11832,11056,1460,1679
2501, 625,-6.86633,7.50645,7.35062,6.52829,-0.186391,-0.213969,-11456,12524,12264,10892,1399,1606
2502, 625,-6.37245,7.76538,7.42733,6.75125,-0.175732,-0.205576,-10632,12956,12392,11264,1319,1543
2503, 623,-6.90948,7.47289,7.37699,6.25258,-0.168404,-0.192519,-11528,12468,12308,10432,1264,1445
2504, 623,-6.46835,7.71982,7.2691,6.50671,-0.159078,-0.186257,-10792,12880,12128,10856,1194,1398
2505, 618,-6.53788,7.64071,7.23793,6.6098,-0.151617,-0.179995,-10908,12748,12076,11028,1138,1351
2506, 616,-6.93825,7.47768,7.59755,6.34368,-0.142957,-0.165473,-11576,12476,12676,10584,1073,1242
2507, 616,-6.34848,7.89244,7.76538,6.03201,-0.128302,-0.155348,-10592,13168,12956,10064,963,1166
2508, 619,-6.78002,7.43692,7.31226,6.54507,-0.118176,-0.143224,-11312,12408,12200,10920,887,1075
2509, 612,-6.58343,7.77976,7.50405,6.4228,-0.110449,-0.137361,-10984,12980,12520,10716,829,1031
2510, 609,-6.6074,7.72222,7.18759,6.65535,-0.107518,-0.132698,-11024,12884,11992,11104,807,996
2511, 610,-6.5187,7.70784,7.70544,6.17586,-0.0963262,-0.122573,-10876,12860,12856,10304,723,920
2512, 613,-6.83516,7.52803,7.40336,6.34368,-0.0795391,-0.102988,-11404,12560,12352,10584,597,773
2513, 607,-6.60021,7.87326,7.6527,6.36766,-0.0706126,-0.097925,-11012,13136,12768,10624,530,735
2514, 603,-6.50671,7.7462,7.46569,6.28614,-0.0635513,-0.0875329,-10856,12924,12456,10488,477,657
2515, 608,-6.59302,7.78935,7.74859,6.02482,-0.051294,-0.0727443,-11000,12996,12928,10052,385,546
2516, 607,-6.5139,7.81333,7.40815,6.40122,-0.0363721,-0.0576891,-10868,13036,12360,10680,273,433
2517, 606,-6.45157,7.9332,7.66948,6.41081,-0.0246478,-0.0499617,-10764,13236,12796,10696,185,375
2518, 606,-6.52109,7.6479,7.35062,6.53788,-0.0163874,-0.0414349,-10880,12760,12264,10908,123,311
2519, 608,-6.66734,7.71263,7.65509,6.1375,-0.00772741,-0.032242,-11124,12868,12772,10240,58,242
2520, 607,-6.40602,7.96437,7.25951,6.52829,0.00439663,-0.0249142,-10688,13288,12112,10892,-33,187
2521, 606,-6.48753,7.84689,7.39377,6.49712,0.00879326,-0.0125237,-10824,13092,12336,10840,-66,94
2522, 605,-6.42759,7.80134,7.60475,6.28614,0.0125237,-0.0114579,-10724,13016,12688,10488,-94,86
2523, 605,-6.78242,7.59036,7.37699,6.28854,0.0197182,0.000266462,-11316,12664,12308,10492,-148,-2
2524, 602,-6.53788,7.93799,7.5496,6.48753,0.0254472,0.00306432,-10908,13244,12596,10824,-191,-23
2525, 606,-6.87592,7.73421,7.76777,6.15428,0.0354395,0.00999234,-11472,12904,12960,10268,-266,-75
2526, 606,-6.26217,7.7462,7.07491,6.85914,0.0418346,0.00919296,-10448,12924,11804,11444,-314,-69
2527, 606,-7.06532,7.52563,7.75339,6.17106,0.0425008,0.0222496,-11788,12556,12936,10296,-319,-167
2528, 606,-6.43958,7.62632,7.15882,6.67933,0.044366,0.017853,-10744,12724,11944,11144,-333,-134
2529, 609,-6.75604,7.71023,7.4633,6.37725,0.0474303,0.0229158,-11272,12864,12452,10640,-356,-172
2530, 607,-6.6098,7.6527,7.22834,6.54986,0.046098,0.0214502,-11028,12768,12060,10928,-346,-161
2531, 606,-6.68172,7.75099,7.44172,6.52109,0.0448989,0.0181194,-11148,12932,12416,10880,-337,-136
2532, 609,-6.67693,7.63352,7.51125,6.36766,0.0439663,0.023049,-11140,12736,12532,10624,-330,-173
2533, 603,-6.56425,7.70064,6.97661,6.83756,0.0446325,0.0183859,-10952,12848,11640,11408,-335,-138
2534, 607,-6.73207,7.59516,7.59036,6.05838,0.0450322,0.0242481,-11232,12672,12664,10108,-338,-182
2535, 608,-6.54507,7.75339,7.26191,6.7057,0.0494288,0.0221164,-10920,12936,12116,11188,-371,-166
2536, 607,-7.03415,7.57118,7.51125,6.13271,0.0551577,0.032242,-11736,12632,12532,10232,-414,-242
2537, 608,-6.59302,7.71023,7.37699,6.47554,0.0568897,0.0302435,-11000,12864,12308,10804,-427,-227
2538, 609,-6.71529,7.64311,7.29308,6.58822,0.0592879,0.0326417,-11204,12752,12168,10992,-445,-245
2539, 608,-6.78242,7.58796,7.44651,6.38204,0.0559571,0.0307764,-11316,12660,12424,10648,-420,-231
2540, 611,-6.68652,7.63352,7.43213,6.52349,0.0575559,0.0325084,-11156,12736,12400,10884,-432,-244
2541, 609,-6.79201,7.58796,7.25232,6.57144,0.0576891,0.0310429,-11332,12660,12100,10964,-433,-233
2542, 609,-6.64336,7.70064,7.47289,6.38684,0.0600873,0.0301103,-11084,12848,12468,10656,-451,-226
2543, 610,-6.83516,7.57118,7.19478,6.48513,0.0578224,0.0355727,-11404,12632,12004,10820,-434,-267
2544, 611,-6.53788,7.75818,7.57837,6.19264,0.0632848,0.035706,-10908,12944,12644,10332,-475,-268
2545, 611,-6.63377,7.63352,7.21156,6.57384,0.0634181,0.0394364,-11068,12736,12032,10968,-476,-296
2546, 611,-6.72728,7.57598,7.39617,6.46835,0.0651501,0.0365054,-11224,12640,12340,10792,-489,-274
2547, 614,-6.74646,7.70064,7.41774,6.48273,0.0619525,0.0363721,-11256,12848,12376,10816,-465,-273
2548, 613,-6.69371,7.50885,7.24273,6.60021,0.062219,0.0359724,-11168,12528,12084,11012,-467,-270
2549, 613,-6.83037,7.60714,7.22595,6.48513,0.0590214,0.0365054,-11396,12692,12056,10820,-443,-274
2550, 614,-6.73926,7.54721,7.26431,6.61699,0.0612864,0.0341072,-11244,12592,12120,11040,-460,-256
2551, 615,-6.81598,7.49446,7.10128,6.67453,0.0584885,0.0330413,-11372,12504,11848,11136,-439,-248
2552, 612,-6.86393,7.57837,7.22355,6.52589,0.05649,0.0289112,-11452,12644,12052,10888,-424,-217
2553, 613,-6.82317,7.54481,7.3626,6.46835,0.0543583,0.0302435,-11384,12588,12284,10792,-408,-227
2554, 617,-6.75125,7.59276,7.27629,6.54747,0.0546248,0.029977,-11264,12668,12140,10924,-410,-225
2555, 613,-6.73447,7.61194,7.1732,6.65535,0.0591547,0.0301103,-11236,12700,11968,11104,-444,-226
2556, 619,-6.74166,7.56878,7.32185,6.44917,0.0588882,0.0338407,-11248,12628,12216,10760,-442,-254
2557, 617,-6.85434,7.47528,7.10847,6.67213,0.0556907,0.0301103,-11436,12472,11860,11132,-418,-226
2558, 616,-6.69611,7.55919,7.2739,6.61459,0.0544916,0.0295773,-11172,12612,12136,11036,-409,-222
2559, 621,-6.66734,7.61194,7.35301,6.53788,0.0536922,0.0297106,-11124,12700,12268,10908,-403,-223
2560, 619,-6.84715,7.52563,7.05333,6.75365,0.0560904,0.0245145,-11424,12556,11768,11268,-421,-184
2561, 619,-6.82797,7.53042,7.31945,6.56665,0.0483629,0.0237152,-11392,12564,12212,10956,-363,-178
2562, 619,-6.73926,7.48727,7.16361,6.55706,0.0494288,0.0185191,-11244,12492,11952,10940,-371,-139
2563, 619,-6.76324,7.51604,7.31945,6.54747,0.0467642,0.0183859,-11284,12540,12212,10924,-351,-138
2564, 621,-6.80879,7.59516,7.25472,6.64576,0.046098,0.0190521,-11360,12672,12104,11088,-346,-143
2565, 620,-6.74166,7.60954,7.2667,6.54507,0.04783,0.0193185,-11248,12696,12124,10920,-359,-145
2566, 620,-6.78961,7.57118,7.33863,6.57144,0.0466309,0.0229158,-11328,12632,12244,10964,-350,-172
2567, 620,-6.80399,7.61434,7.44412,6.49952,0.0464977,0.0194518,-11352,12704,12420,10844,-349,-146
2568, 623,-6.84235,7.54481,7.37699,6.58103,0.0466309,0.0211838,-11416,12588,12308,10980,-350,-159
2569, 622,-6.89989,7.4633,7.21636,6.7057,0.04783,0.0177198,-11512,12452,12040,11188,-359,-133
2570, 624,-6.88551,7.53042,7.28109,6.65295,0.0410352,0.0133231,-11488,12564,12148,11100,-308,-100
2571, 624,-6.88551,7.55919,7.14443,6.63857,0.0393032,0.0113247,-11488,12612,11920,11076,-295,-85
2572, 623,-6.83996,7.54481,7.33383,6.61699,0.0390368,0.00812711,-11412,12588,12236,11040,-293,-61
2573, 623,-6.91428,7.44412,7.13005,6.56665,0.035706,0.010392,-11536,12420,11896,10956,-268,-78
2574, 621,-6.80879,7.59995,7.23074,6.7057,0.0370383,0.00932619,-11360,12680,12064,11188,-278,-70
2575, 621,-6.85914,7.4561,7.25711,6.50191,0.0333078,0.00866003,-11444,12440,12108,10848,-250,-65
2576, 623,-6.83756,7.57358,7.34342,6.52829,0.0345069,0.0129234,-11408,12636,12252,10892,-259,-97
2577, 622,-6.84715,7.54481,7.20197,6.60261,0.0363721,0.00839357,-11424,12588,12016,11016,-273,-63
2578, 625,-6.76803,7.552,7.25232,6.61699,0.0385038,0.0117243,-11292,12600,12100,11040,-289,-88
2579, 624,-6.92866,7.47528,7.19718,6.78721,0.0346401,0.00652833,-11560,12472,12008,11324,-260,-49
2580, 624,-6.96462,7.42973,7.27869,6.59302,0.0311761,0.00373047,-11620,12396,12144,11000,-234,-28
2581, 625,-6.83756,7.57598,7.25472,6.62898,0.028245,-0.000666156,-11408,12640,12104,11060,-212,5
2582, 624,-7.02456,7.48008,7.29787,6.60021,0.0229158,-0.000532925,-11720,12480,12176,11012,-172,4
2583, 624,-6.78721,7.552,7.22115,6.56904,0.0231822,-0.00399694,-11324,12600,12048,10960,-174,30
2584, 624,-7.00298,7.39617,7.19958,6.55226,0.0267795,-0.00506279,-11684,12340,12012,10932,-201,38
2585, 621,-6.73447,7.58077,7.19478,6.59062,0.0235819,0.00226493,-11236,12648,12004,10996,-177,-17
2586, 624,-6.81119,7.51125,7.27869,6.57863,0.0231822,-0.00279786,-11364,12532,12144,10976,-174,21
2587, 627,-6.69851,7.5568,7.24033,6.66494,0.0221164,0.000799387,-11176,12608,12080,11120,-166,-6
2588, 627,-6.91667,7.48727,7.21156,6.56904,0.0229158,-0.00119908,-11540,12492,12032,10960,-172,9
2589, 619,-6.95503,7.45371,7.19478,6.61939,0.0206508,-0.00479632,-11604,12436,12004,11044,-155,36
2590, 626,-6.61699,7.6455,7.41295,6.64336,0.0226493,-0.00599541,-11040,12756,12368,11084,-170,45
2591, 624,-6.95983,7.46809,7.19478,6.69611,0.0233155,-0.00452986,-11612,12460,12004,11172,-175,34
2592, 626,-6.74166,7.65509,7.27869,6.62898,0.0229158,-0.00266462,-11248,12772,12144,11060,-172,20
2593, 627,-7.01497,7.43692,7.06532,6.64336,0.0153216,-0.00932619,-11704,12408,11788,11084,-115,70
2594, 625,-6.83996,7.49686,7.20197,6.64576,0.0154548,-0.00932619,-11412,12508,12016,11088,-116,70
2595, 626,-6.84475,7.42973,7.24033,6.65535,0.0146554,-0.0113247,-11420,12396,12080,11104,-110,85
2596, 625,-6.86873,7.4633,7.21396,6.60261,0.00972588,-0.0151884,-11460,12452,12036,11016,-73,114
2597, 624,-6.72248,7.57358,7.34822,6.56185,0.0159877,-0.0151884,-11216,12636,12260,10948,-120,114
2598, 625,-6.94544,7.48008,7.24992,6.59542,0.00799387,-0.0154548,-11588,12480,12096,11004,-60,116
2599, 625,-6.87352,7.552,7.13964,6.58822,0.0162542,-0.0122573,-11468,12600,11912,10992,-122,92
2600, 625,-6.84715,7.50645,7.14443,6.67693,0.0119908,-0.0118576,-11424,12524,11920,11140,-90,89
2601, 626,-6.8951,7.57837,7.16841,6.56185,0.0117243,-0.0142557,-11504,12644,11960,10948,-88,107
2602, 625,-6.69851,7.56159,7.28588,6.57624,0.00959265,-0.012124,-11176,12616,12156,10972,-72,91
2603, 627,-6.85674,7.50405,7.18999,6.61459,0.010392,-0.0115911,-11440,12520,11996,11036,-78,87
2604, 625,-6.77762,7.51844,7.15882,6.65295,0.0131899,-0.0169204,-11308,12544,11944,11100,-99,127
2605, 625,-6.8927,7.44891,7.29547,6.54027,0.0135896,-0.0142557,-11500,12428,12172,10912,-102,107
2606, 626,-6.78721,7.60235,7.31945,6.66015,0.00892649,-0.0133231,-11324,12684,12212,11112,-67,100
2607, 627,-6.94544,7.48967,7.22595,6.66734,0.00892649,-0.0151884,-11588,12496,12056,11124,-67,114
2608, 627,-6.80399,7.56639,7.21875,6.55466,0.0119908,-0.0135896,-11352,12624,12044,10936,-90,102
2609, 626,-6.84475,7.44891,7.05813,6.67453,0.0127902,-0.0133231,-11420,12428,11776,11136,-96,100
2610, 625,-6.83996,7.58557,7.3626,6.50671,0.0134564,-0.0157213,-11412,12656,12284,10856,-101,118
2611, 624,-6.87352,7.50645,7.30506,6.69851,0.0151884,-0.0119908,-11468,12524,12188,11176,-114,90
2612, 626,-6.80399,7.5544,7.21156,6.6122,0.0189188,-0.00866003,-11352,12604,12032,11032,-142,65
2613, 627,-6.71049,7.59755,7.2691,6.65295,0.0193185,-0.00812711,-11196,12676,12128,11100,-145,61
2614, 624,-6.84715,7.52563,7.2739,6.63138,0.0150551,-0.00746095,-11424,12556,12136,11064,-113,56
2615, 626,-6.75365,7.54721,7.23793,6.58822,0.0183859,-0.00732772,-11268,12592,12076,10992,-138,55
2616, 626,-6.87352,7.56878,7.15882,6.64576,0.0234487,-0.00892649,-11468,12628,11944,11088,-176,67
2617, 625,-6.88071,7.44891,7.29308,6.48753,0.0219832,-0.00413017,-11480,12428,12168,10824,-165,31
2618, 625,-6.73926,7.56639,7.28588,6.60261,0.0215835,-0.00226493,-11244,12624,12156,11016,-162,17
2619, 625,-6.81358,7.51604,7.22115,6.62898,0.024781,-0.00239816,-11368,12540,12048,11060,-186,18
2620, 625,-6.85434,7.47768,7.18519,6.66734,0.0291776,0.00466309,-11436,12476,11988,11124,-219,-35
2621, 626,-6.66254,7.68626,7.27629,6.54986,0.0323752,0.00559571,-11116,12824,12140,10928,-243,-42
2622, 625,-6.99339,7.35541,7.20917,6.605,0.0297106,0.00199847,-11668,12272,12028,11020,-223,-15
2623, 627,-6.72488,7.58077,7.24992,6.66974,0.0313093,0.00333078,-11220,12648,12096,11128,-235,-25
2624, 627,-6.83276,7.52083,7.20197,6.66254,0.0346401,0.00612864,-11400,12548,12016,11116,-260,-46
2625, 626,-6.82078,7.56159,7.20917,6.62898,0.0323752,0.00706126,-11380,12616,12028,11060,-243,-53
2626, 627,-6.95264,7.44891,7.24033,6.59062,0.029977,0.00706126,-11600,12428,12080,10996,-225,-53
2627, 625,-6.82557,7.49207,7.22115,6.74406,0.0323752,0.00572894,-11388,12500,12048,11252,-243,-43
2628, 626,-6.77043,7.50885,7.2715,6.53788,0.0343737,0.00879326,-11296,12528,12132,10908,-258,-66
2629, 628,-6.84955,7.49926,7.18759,6.56425,0.0338407,0.00932619,-11428,12512,11992,10952,-254,-70
2630, 627,-6.85674,7.47289,7.22355,6.64336,0.0387703,0.00985911,-11440,12468,12052,11084,-291,-74
2631, 627,-6.86153,7.49686,7.24273,6.71529,0.0350398,0.00839357,-11448,12508,12084,11204,-263,-63
2632, 626,-6.87352,7.48008,7.30746,6.6098,0.0327749,0.00373047,-11468,12480,12192,11028,-246,-28
2633, 627,-6.88311,7.47289,7.1732,6.75125,0.0327749,0.00413017,-11484,12468,11968,11264,-246,-31
2634, 627,-6.85194,7.58557,7.32185,6.59542,0.0303767,0.00319755,-11432,12656,12216,11004,-228,-24
2635, 627,-6.87832,7.48248,7.10607,6.66015,0.032242,0.00226493,-11476,12484,11856,11112,-242,-17
2636, 627,-6.89989,7.552,7.2715,6.56665,0.0330413,0.00626187,-11512,12600,12132,10956,-248,-47
2637, 628,-6.87592,7.47528,7.13245,6.63617,0.0318423,0.00706126,-11472,12472,11900,11072,-239,-53
2638, 629,-6.9862,7.46569,7.26191,6.59302,0.033441,0.00826034,-11656,12456,12116,11000,-251,-62
2639, 627,-6.93825,7.45371,7.14204,6.74885,0.033441,0.00812711,-11576,12436,11916,11260,-251,-61
2640, 630,-6.82557,7.57118,7.26191,6.60021,0.0301103,0.00479632,-11388,12632,12116,11012,-226,-36
2641, 629,-6.94784,7.4585,7.16122,6.74885,0.0286447,0.00386371,-11592,12444,11948,11260,-215,-29
2642, 630,-6.84235,7.4609,7.15163,6.69371,0.0258469,0.000799387,-11416,12448,11932,11168,-194,-6
2643, 629,-6.93825,7.43692,7.07011,6.6074,0.0257136,-0.000266462,-11576,12408,11796,11024,-193,2
2644, 627,-6.97901,7.43932,7.1804,6.6098,0.0197182,-0.00373047,-11644,12412,11980,11028,-148,28
2645, 630,-6.91428,7.47528,7.25951,6.68412,0.0154548,-0.0102588,-11536,12472,12112,11152,-116,77
2646, 630,-6.91907,7.47289,7.28828,6.71049,0.0191853,-0.00892649,-11544,12468,12160,11196,-144,67
2647, 631,-6.95264,7.44651,7.13245,6.61699,0.0133231,-0.0123905,-11600,12424,11900,11040,-100,93
2648, 631,-6.8927,7.49207,7.11327,6.72488,0.0123905,-0.0187856,-11500,12500,11868,11220,-93,141
2649, 632,-6.94065,7.38897,7.18759,6.65775,0.00959265,-0.0211838,-11580,12328,11992,11108,-72,159
2650, 627,-6.85914,7.48487,7.16841,6.73207,0.00799387,-0.0215835,-11444,12488,11960,11232,-60,162
2651, 631,-6.88791,7.56878,7.3674,6.48034,0.00452986,-0.0239816,-11492,12628,12292,10812,-34,180
2652, 629,-6.83996,7.51844,7.0797,6.59302,0.00719449,-0.0219832,-11412,12544,11812,11000,-54,165
2653, 630,-6.83756,7.48248,7.18999,6.48513,0.00626187,-0.0187856,-11408,12484,11996,10820,-47,141
2654, 628,-6.7944,7.51364,7.11566,6.69851,0.0063951,-0.0206508,-11336,12536,11872,11176,-48,155
2655, 627,-6.83516,7.49686,7.35541,6.59302,0.00905972,-0.0170536,-11404,12508,12272,11000,-68,128
2656, 628,-6.92626,7.54241,7.23314,6.63857,0.00879326,-0.0177198,-11556,12584,12068,11076,-66,133
2657, 628,-6.91907,7.51364,7.11806,6.59781,0.00945942,-0.0175865,-11544,12536,11876,11008,-71,132
2658, 628,-6.7992,7.53522,7.19238,6.61459,0.00985911,-0.0181194,-11344,12572,12000,11036,-74,136
2659, 627,-6.81598,7.53522,7.23554,6.54267,0.0107917,-0.0134564,-11372,12572,12072,10916,-81,101
2660, 627,-6.90948,7.48008,7.26191,6.55945,0.0141225,-0.0115911,-11528,12480,12116,10944,-106,87
2661, 628,-6.83276,7.53762,7.24033,6.55226,0.0175865,-0.0085268,-11400,12576,12080,10932,-132,64
2662, 627,-6.8951,7.47528,7.16361,6.72008,0.0231822,-0.00626187,-11504,12472,11952,11212,-174,47
2663, 628,-6.75604,7.5568,7.35062,6.58822,0.0203844,-0.00519602,-11272,12608,12264,10992,-153,39
2664, 627,-6.83276,7.49207,7.22834,6.6074,0.0254472,-0.00173201,-11400,12500,12060,11024,-191,13
2665, 625,-6.64336,7.62632,7.34103,6.53308,0.0358392,0.00999234,-11084,12724,12248,10900,-269,-75
2666, 628,-6.66015,7.73661,7.49686,6.41561,0.0466309,0.0223828,-11112,12908,12508,10704,-350,-168
2667, 629,-6.77283,7.58796,7.25232,6.58583,0.0582221,0.035173,-11300,12660,12100,10988,-437,-264
2668, 628,-6.78721,7.57118,7.30746,6.59302,0.0727443,0.0499617,-11324,12632,12192,11000,-546,-375
2669, 631,-6.7992,7.4561,7.2691,6.62418,0.0802052,0.0536922,-11344,12440,12128,11052,-602,-403
2670, 631,-7.02696,7.42733,7.14923,6.69611,0.0742098,0.0480965,-11724,12392,11928,11172,-557,-361
2671, 631,-7.13245,7.38178,6.95024,6.80639,0.0615528,0.0362389,-11900,12316,11596,11356,-462,-272
2672, 632,-7.16361,7.22595,6.82317,6.86873,0.0466309,0.0139893,-11952,12056,11384,11460,-350,-105
2673, 635,-7.19718,7.24752,6.95983,6.92866,0.0214502,-0.00492956,-12008,12092,11612,11560,-161,37
2674, 633,-7.28588,7.12286,6.7968,7.00538,-0.00373047,-0.0373047,-12156,11884,11340,11688,28,280
2675, 635,-7.33144,7.13245,6.81358,6.8975,-0.037438,-0.0690138,-12232,11900,11368,11508,281,518
2676, 633,-7.18519,7.32185,6.89989,6.87112,-0.0615528,-0.0941945,-11988,12216,11512,11464,462,707
2677, 631,-7.18519,7.20677,6.95024,6.73687,-0.0831363,-0.113913,-11988,12024,11596,11240,624,855
2678, 631,-6.95983,7.48967,7.06771,6.72248,-0.0964594,-0.127103,-11612,12496,11792,11216,724,954
2679, 629,-6.97182,7.41055,7.11566,6.61459,-0.108317,-0.134564,-11632,12364,11872,11036,813,1010
2680, 631,-6.92866,7.43213,7.18999,6.78002,-0.115378,-0.143757,-11560,12400,11996,11312,866,1079
2681, 627,-7.0797,7.48248,7.14683,6.69371,-0.120175,-0.150418,-11812,12484,11924,11168,902,1129
2682, 624,-6.7057,7.60235,7.16601,6.59302,-0.118842,-0.150418,-11188,12684,11956,11000,892,1129
2683, 624,-6.8951,7.52083,7.43932,6.37725,-0.123905,-0.145888,-11504,12548,12412,10640,930,1095
2684, 624,-6.71529,7.45371,7.12046,6.75844,-0.119775,-0.151351,-11204,12436,11880,11276,899,1136
2685, 620,-7.01977,7.59276,7.31705,6.53548,-0.126436,-0.151084,-11712,12668,12208,10904,949,1134
2686, 620,-6.7081,7.57358,7.25472,6.71049,-0.1311,-0.159078,-11192,12636,12104,11196,984,1194
2687, 620,-6.9838,7.52563,7.27629,6.50191,-0.135363,-0.16494,-11652,12556,12140,10848,1016,1238
2688, 619,-6.78242,7.48967,7.1756,6.66974,-0.13976,-0.164807,-11316,12496,11972,11128,1049,1237
2689, 615,-6.66734,7.67427,7.44172,6.45636,-0.137495,-0.162009,-11124,12804,12416,10772,1032,1216
2690, 613,-6.6074,7.62632,7.4585,6.38204,-0.130833,-0.155214,-11024,12724,12444,10648,982,1165
2691, 616,-6.43479,7.85888,7.66708,6.31251,-0.11711,-0.136562,-10736,13112,12792,10532,879,1025
2692, 609,-6.54507,7.73421,7.43692,6.33409,-0.0969923,-0.12204,-10920,12904,12408,10568,728,916
2693, 609,-6.39403,7.94039,7.82771,6.16387,-0.0739433,-0.0951271,-10668,13248,13060,10284,555,714
2694, 610,-6.27895,7.91402,7.76777,6.09435,-0.0430337,-0.0667489,-10476,13204,12960,10168,323,501
2695, 605,-6.2286,7.96676,7.69825,6.24778,-0.0063951,-0.0245145,-10392,13292,12844,10424,48,184
2696, 609,-6.231,7.9356,7.76777,6.1351,0.023049,0.00413017,-10396,13240,12960,10236,-173,-31
2697, 608,-6.25977,8.01951,7.76777,6.12791,0.0616861,0.0419678,-10444,13380,12960,10224,-463,-315
2698, 613,-6.17106,8.0267,7.80134,6.13031,0.0997902,0.0811378,-10296,13392,13016,10228,-749,-609
2699, 609,-6.25737,7.90203,7.70304,6.15188,0.135763,0.118176,-10440,13184,12852,10264,-1019,-887
2700, 609,-6.17106,7.95717,7.79175,6.11113,0.173067,0.155348,-10296,13276,13000,10196,-1299,-1166
2701, 613,-6.22381,7.9356,7.74859,6.17826,0.209173,0.188922,-10384,13240,12928,10308,-1570,-1418
2702, 616,-6.49952,7.8373,7.63112,6.30772,0.239816,0.220498,-10844,13076,12732,10524,-1800,-1655
2703, 615,-6.52589,7.72222,7.58557,6.33889,0.260067,0.239816,-10888,12884,12656,10576,-1952,-1800
2704, 617,-6.57863,7.70304,7.4633,6.44198,0.276988,0.25727,-10976,12852,12452,10748,-2079,-1931
2705, 623,-6.76803,7.58796,7.33863,6.55226,0.292176,0.270859,-11292,12660,12244,10932,-2193,-2033
2706, 626,-6.87592,7.44172,7.16361,6.67453,0.295374,0.272191,-11472,12416,11952,11136,-2217,-2043
2707, 625,-6.99579,7.41535,7.11087,6.73926,0.29151,0.266995,-11672,12372,11864,11244,-2188,-2004
2708, 628,-6.97901,7.39137,7.0797,6.76803,0.278986,0.253672,-11644,12332,11812,11292,-2094,-1904
2709, 634,-7.00778,7.35781,6.97901,6.78721,0.275922,0.245012,-11692,12276,11644,11324,-2071,-1839
2710, 638,-7.18279,7.26431,6.94065,6.92626,0.257403,0.226493,-11984,12120,11580,11556,-1932,-1700
2711, 637,-7.16122,7.22115,6.85914,6.94065,0.240482,0.20944,-11948,12048,11444,11580,-1805,-1572
2712, 630,-7.11806,7.24992,7.00059,6.93346,0.22223,0.19132,-11876,12096,11680,11568,-1668,-1436
2713, 643,-7.00298,7.40096,7.02216,6.72967,0.208907,0.18719,-11684,12348,11716,11228,-1568,-1405
2714, 646,-7.2667,7.14204,6.75365,7.04134,0.195717,0.168138,-12124,11916,11268,11748,-1469,-1262
2715, 645,-7.35541,7.14443,6.63857,7.10847,0.172401,0.141358,-12272,11920,11076,11860,-1294,-1061
2716, 647,-7.33623,7.1732,6.72248,6.991,0.144956,0.117243,-12240,11968,11216,11664,-1088,-880
2717, 649,-7.39137,7.04134,6.72008,7.07011,0.12244,0.0855345,-12332,11748,11212,11796,-919,-642
2718, 648,-7.5568,7.03175,6.60021,7.2691,0.0847351,0.0522266,-12608,11732,11012,12128,-636,-392
2719, 649,-7.42494,7.02696,6.60261,7.14204,0.0510276,0.0217167,-12388,11724,11016,11916,-383,-163
2720, 651,-7.61434,6.93825,6.5139,7.22355,0.0111914,-0.0215835,-12704,11576,10868,12052,-84,162
2721, 651,-7.64311,6.90708,6.53068,7.18999,-0.0269127,-0.0643507,-12752,11524,10896,11996,202,483
2722, 652,-7.58317,6.96942,6.55226,7.12525,-0.0699464,-0.106718,-12652,11628,10932,11888,525,801
2723, 649,-7.58557,7.01497,6.54986,7.21156,-0.107118,-0.145755,-12656,11704,10928,12032,804,1094
2724, 651,-7.46569,7.03415,6.52589,7.14443,-0.151884,-0.187057,-12456,11736,10888,11920,1140,1404
2725, 646,-7.42494,7.02696,6.6098,7.06771,-0.186257,-0.222496,-12388,11724,11028,11792,1398,1670
2726, 644,-7.18279,7.19718,6.86153,6.85914,-0.214502,-0.247544,-11984,12008,11448,11444,1610,1858
2727, 644,-6.90708,7.44412,7.08689,6.66974,-0.221031,-0.251008,-11524,12420,11824,11128,1659,1884
2728, 643,-6.85194,7.50645,7.32185,6.53548,-0.212371,-0.239683,-11432,12524,12216,10904,1594,1799
2729, 638,-6.55945,7.70304,7.49207,6.41321,-0.195184,-0.215168,-10944,12852,12500,10700,1465,1615
2730, 635,-6.46595,7.81812,7.62153,6.2286,-0.162542,-0.184126,-10788,13044,12716,10392,1220,1382
2731, 635,-6.26457,7.90443,7.79894,6.20703,-0.123106,-0.141225,-10452,13188,13012,10356,924,1060
2732, 636,-6.3221,7.89484,7.69105,6.29573,-0.077807,-0.101123,-10548,13172,12832,10504,584,759
2733, 631,-6.40602,7.77497,7.59036,6.28854,-0.0466309,-0.0671485,-10688,12972,12664,10492,350,504
2734, 629,-6.5163,7.82771,7.56399,6.31971,-0.0186524,-0.0398361,-10872,13060,12620,10544,140,299
2735, 632,-6.50191,7.78216,7.63112,6.42999,0.0149219,-0.00572894,-10848,12984,12732,10728,-112,43
2736, 631,-6.67933,7.65989,7.3674,6.44917,0.03917,0.0189188,-11144,12780,12292,10760,-294,-142
2737, 631,-6.60261,7.64311,7.47049,6.50431,0.0590214,0.035173,-11016,12752,12464,10852,-443,-264
2738, 632,-6.63617,7.57837,7.35541,6.50911,0.0724778,0.0471639,-11072,12644,12272,10860,-544,-354
2739, 634,-6.69851,7.63831,7.4561,6.49232,0.0909969,0.0692802,-11176,12744,12440,10832,-683,-520
2740, 635,-6.71289,7.60235,7.41774,6.48513,0.107251,0.0864671,-11200,12684,12376,10820,-805,-649
2741, 634,-6.71289,7.6479,7.35301,6.43479,0.125104,0.103121,-11200,12760,12268,10736,-939,-774
2742, 635,-6.69611,7.61194,7.45371,6.49232,0.145489,0.125104,-11172,12700,12436,10832,-1092,-939
2743, 638,-6.65775,7.64311,7.35781,6.50911,0.167205,0.145622,-11108,12752,12276,10860,-1255,-1093
2744, 635,-6.85674,7.49926,7.21636,6.62418,0.180928,0.160677,-11440,12512,12040,11052,-1358,-1206
2745, 639,-6.90948,7.44412,7.19478,6.63138,0.190121,0.172401,-11528,12420,12004,11064,-1427,-1294
2746, 641,-6.95024,7.42494,7.07011,6.84475,0.200247,0.174,-11596,12388,11796,11420,-1503,-1306
2747, 642,-7.13005,7.2667,6.95024,6.88071,0.190787,0.166806,-11896,12124,11596,11480,-1432,-1252
2748, 641,-7.42494,7.11327,6.78002,6.96702,0.170669,0.143757,-12388,11868,11312,11624,-1281,-1079
2749, 648,-7.34342,7.19478,6.71529,7.05813,0.150018,0.118443,-12252,12004,11204,11776,-1126,-889
2750, 650,-7.6527,6.88311,6.47554,7.14443,0.11298,0.0832695,-12768,11484,10804,11920,-848,-625
2751, 651,-7.48008,7.04134,6.45636,7.15642,0.077807,0.0414349,-12480,11748,10772,11940,-584,-311
2752, 648,-7.6503,6.93106,6.35807,7.31705,0.0335743,-0.00279786,-12764,11564,10608,12208,-252,21
2753, 652,-7.48487,7.13245,6.73447,7.12525,-0.00812711,-0.0397029,-12488,11900,11236,11888,61,298
2754, 648,-7.39377,6.96223,6.47554,7.10368,-0.0379709,-0.0707458,-12336,11616,10804,11852,285,531
2755, 649,-7.46569,7.10368,6.83756,6.92147,-0.067415,-0.097392,-12456,11852,11408,11548,506,731
2756, 652,-7.30506,7.1804,6.72967,7.01257,-0.0971256,-0.126303,-12188,11980,11228,11700,729,948
2757, 646,-7.32424,7.15642,6.7081,7.00538,-0.12244,-0.154681,-12220,11940,11192,11688,919,1161
2758, 642,-7.21875,7.365,7.04374,6.78242,-0.141225,-0.1736,-12044,12288,11752,11316,1060,1303
2759, 645,-7.178,7.26431,6.95983,6.8975,-0.148153,-0.173201,-11976,12120,11612,11508,1112,1300
2760, 645,-6.78481,7.50645,7.30986,6.53068,-0.13483,-0.162009,-11320,12524,12196,10896,1012,1216
2761, 642,-6.7992,7.50645,7.47528,6.28854,-0.12244,-0.137894,-11344,12524,12472,10492,919,1035
2762, 638,-6.45636,7.76777,7.34342,6.56665,-0.0960597,-0.118576,-10772,12960,12252,10956,721,890
2763, 640,-6.59302,7.63352,7.4633,6.20223,-0.0680812,-0.0880659,-11000,12736,12452,10348,511,661
2764, 638,-6.6122,7.69825,7.43453,6.47314,-0.0397029,-0.0616861,-11032,12844,12404,10800,298,463
2765, 637,-6.92387,7.4585,7.03415,6.74646,-0.0205176,-0.0484962,-11552,12444,11736,11256,154,364
2766, 637,-6.7992,7.56639,7.33863,6.57863,-0.016121,-0.0446325,-11344,12624,12244,10976,121,335
2767, 635,-7.13964,7.33383,7.06532,6.52349,-0.0147887,-0.0379709,-11912,12236,11788,10884,111,285
2768, 638,-6.76803,7.4633,7.16361,6.69851,-0.0119908,-0.0367718,-11292,12452,11952,11176,90,276
2769, 635,-6.88311,7.39137,6.96462,6.82317,-0.0169204,-0.0427672,-11484,12332,11620,11384,127,321
2770, 634,-6.93825,7.49446,7.35541,6.605,-0.0181194,-0.0442328,-11576,12504,12272,11020,136,332
2771, 635,-6.87592,7.46809,7.16841,6.80879,-0.0177198,-0.0455651,-11472,12460,11960,11360,133,342
2772, 636,-6.74166,7.49926,7.59755,6.36286,-0.00919296,-0.0306432,-11248,12512,12676,10616,69,230
2773, 633,-6.67453,7.56878,7.21636,6.63138,0.00612864,-0.0162542,-11136,12628,12040,11064,-46,122
2774, 635,-6.77762,7.48008,7.56878,6.3269,0.0215835,-0.00119908,-11308,12480,12628,10556,-162,9
2775, 635,-6.58103,7.72462,7.34582,6.48753,0.0423675,0.0205176,-10980,12888,12256,10824,-318,-154
2776, 634,-6.75844,7.56639,7.46569,6.50431,0.0619525,0.0346401,-11276,12624,12456,10852,-465,-260
2777, 635,-6.79201,7.29547,7.15882,6.90708,0.0706126,0.0466309,-11332,12172,11944,11524,-530,-350
2778, 635,-6.83996,7.71503,7.21875,6.49952,0.0715452,0.0448989,-11412,12872,12044,10844,-537,-337
2779, 636,-7.28109,6.97661,6.95743,6.90948,0.065683,0.0398361,-12148,11640,11608,11528,-493,-299
2780, 635,-7.03175,7.48008,7.02936,6.84715,0.0567565,0.0246478,-11732,12480,11728,11424,-426,-185
2781, 636,-7.21875,7.01018,6.56665,7.03175,0.0367718,0.00666156,-12044,11696,10956,11732,-276,-50
2782, 640,-7.12765,7.40096,7.13245,6.76563,0.0237152,-0.00879326,-11892,12348,11900,11288,-178,66
2783, 637,-7.49926,7.05573,6.50911,7.00778,-0.00346401,-0.0289112,-12512,11772,10860,11692,26,217
2784, 640,-7.11327,7.25711,6.99579,6.58583,-0.0155881,-0.0474303,-11868,12108,11672,10988,117,356
2785, 637,-7.11087,7.25951,6.84715,6.83756,-0.024781,-0.0534257,-11864,12112,11424,11408,186,401
2786, 639,-6.42759,7.81333,7.8349,6.57384,-0.0105253,-0.0349066,-10724,13036,13072,10968,79,262
2787, 639,-7.03895,7.25711,7.04614,6.60261,0.00546248,-0.0219832,-11744,12108,11756,11016,-41,165
2788, 638,-6.87592,7.53042,7.42733,6.57144,0.0203844,-0.00159877,-11472,12564,12392,10964,-153,12
2789, 637,-6.92866,7.38178,7.18279,6.50911,0.0254472,0.00146554,-11560,12316,11984,10860,-191,-11
2790, 636,-6.7009,7.60235,7.34103,6.7944,0.0329081,0.00506279,-11180,12684,12248,11336,-247,-38
2791, 637,-7.18279,7.24752,7.16361,6.60261,0.026513,0.00186524,-11984,12092,11952,11016,-199,-14
2792, 636,-7.11327,7.28109,6.8975,6.72967,0.0181194,-0.0154548,-11868,12148,11508,11228,-136,116
2793, 637,-7.05093,7.53762,7.16841,6.63138,0.00692802,-0.0198515,-11764,12576,11960,11064,-52,149
2794, 638,-6.99579,7.41295,6.87352,6.87112,-0.00159877,-0.0329081,-11672,12368,11468,11464,12,247
2795, 638,-7.2739,7.14443,7.22115,6.7033,-0.00786064,-0.0301103,-12136,11920,12048,11184,59,226
2796, 637,-6.80879,7.5496,6.97661,6.74646,-0.000399694,-0.0331746,-11360,12596,11640,11256,3,249
2797, 635,-7.13005,7.32664,7.0845,6.66015,-0.0042634,-0.0285115,-11896,12224,11820,11112,32,214
2798, 635,-6.78481,7.47289,7.29547,6.61939,0.00306432,-0.0210505,-11320,12468,12172,11044,-23,158
2799, 635,-7.02696,7.28588,7.01737,6.76084,0.00319755,-0.0229158,-11724,12156,11708,11280,-24,172
2800, 635,-6.9886,7.26431,7.16601,6.66494,0.00559571,-0.0238484,-11660,12120,11956,11120,-42,179
2801, 635,-6.84235,7.81093,7.43932,6.81358,0.00373047,-0.0314426,-11416,13032,12412,11368,-28,236
2802, 635,-7.48967,7.11566,6.84955,6.55226,-0.0149219,-0.0410352,-12496,11872,11428,10932,112,308
2803, 634,-7.05333,7.58077,7.0773,6.78242,-0.0238484,-0.0507611,-11768,12648,11808,11316,179,381
2804, 634,-6.93106,7.37938,6.79201,6.87112,-0.0279786,-0.0562236,-11564,12312,11332,11464,210,422
2805, 635,-6.80399,7.70064,7.37938,6.65295,-0.0242481,-0.049562,-11352,12848,12312,11100,182,372
2806, 633,-7.28349,7.77257,7.2691,6.39643,-0.0173201,-0.0470306,-12152,12968,12128,10672,130,353
2807, 635,-6.64576,7.6479,7.20437,6.72008,-0.00786064,-0.0377044,-11088,12760,12020,11212,59,283
2808, 633,-6.83996,7.50645,7.24752,6.24539,-0.00612864,-0.0309096,-11412,12524,12092,10420,46,232
2809, 632,-6.69611,7.7462,7.34582,6.53788,0.000399694,-0.0210505,-11172,12924,12256,10908,-3,158
2810, 634,-6.39882,7.81812,7.23554,6.50671,0.0155881,-0.0111914,-10676,13044,12072,10856,-117,84
2811, 635,-6.89989,7.31226,7.10128,6.48513,0.0210505,-0.00373047,-11512,12200,11848,10820,-158,28
2812, 632,-6.7944,7.57598,7.36979,6.19744,0.0281118,-0.00159877,-11336,12640,12296,10340,-211,12
2813, 629,-7.16361,7.31465,6.93346,6.46355,0.023049,-0.00133231,-11952,12204,11568,10784,-173,10
2814, 632,-7.02456,7.49207,7.23554,6.37964,0.0262466,-0.00306432,-11720,12500,12072,10644,-197,23
2815, 631,-6.73447,7.50166,6.8975,6.58583,0.0226493,-0.00679479,-11236,12516,11508,10988,-170,51
2816, 632,-6.91428,7.75579,7.64311,6.05119,0.0190521,-0.00119908,-11536,12940,12752,10096,-143,9
2817, 632,-6.48513,7.75339,7.30746,6.53548,0.0313093,0.0085268,-10820,12936,12192,10904,-235,-64
2818, 635,-5.98406,7.42494,7.94998,6.1399,0.0536922,0.0347734,-9984,12388,13264,10244,-403,-261
2819, 636,-5.49738,8.11541,7.06292,6.418,0.0980582,0.0772741,-9172,13540,11784,10708,-736,-580
2820, 635,-6.71289,7.6527,6.74166,6.79201,0.12124,0.102455,-11200,12768,11248,11332,-910,-769
2821, 637,-6.8975,7.30746,7.0821,6.76084,0.126969,0.09566,-11508,12192,11816,11280,-953,-718
2822, 638,-7.09888,7.4609,6.21662,6.48034,0.0993905,0.0627519,-11844,12448,10372,10812,-746,-471
2823, 637,-7.99074,7.20917,6.65535,7.4609,0.0524931,0.013856,-13332,12028,11104,12448,-394,-104
2824, 637,-7.58317,6.74885,5.94331,7.1804,-0.0106585,-0.0498285,-12652,11260,9916,11980,80,374
2825, 638,-7.39377,7.14204,6.63138,7.23074,-0.0707458,-0.110449,-12336,11916,11064,12064,531,829
2826, 637,-7.73661,6.68172,6.06558,7.33863,-0.132032,-0.170802,-12908,11148,10120,12244,991,1282
2827, 637,-7.75579,7.04854,6.7081,7.32664,-0.19092,-0.23502,-12940,11760,11192,12224,1433,1764
2828, 638,-8.09623,7.10847,5.91454,7.62393,-0.255804,-0.29524,-13508,11860,9868,12720,1920,2216
2829, 625,-8.22089,7.06052,6.83276,6.95503,-0.31336,-0.354795,-13716,11780,11400,11604,2352,2663
2830, 626,-6.9886,7.01497,6.57144,7.26191,-0.366119,-0.404757,-11660,11704,10964,12116,2748,3038
2831, 625,-7.66229,7.01737,6.92626,6.94784,-0.408221,-0.440862,-12784,11708,11556,11592,3064,3309
2832, 625,-7.22595,7.13005,6.50191,7.34103,-0.44406,-0.480432,-12056,11896,10848,12248,3333,3606
2833, 613,-7.41774,6.8975,7.21396,6.40362,-0.483363,-0.515205,-12376,11508,12036,10684,3628,3867
2834, 609,-6.66494,7.7438,7.50645,6.08955,-0.505213,-0.537055,-11120,12920,12524,10160,3792,4031
2835, 609,-7.19238,7.37938,7.48248,6.16387,-0.521734,-0.547714,-12000,12312,12484,10284,3916,4111
2836, 607,-6.55945,7.53522,6.90708,6.68412,-0.524398,-0.560104,-10944,12572,11524,11152,3936,4204
2837, 595,-6.84955,7.56159,7.1732,6.48753,-0.543717,-0.570763,-11428,12616,11968,10824,4081,4284
2838, 590,-5.61965,7.80374,7.5568,6.45157,-0.541718,-0.577025,-9376,13020,12608,10764,4066,4331
2839, 588,-7.42494,7.41295,7.24752,5.77309,-0.547847,-0.576225,-12388,12368,12092,9632,4112,4325
2840, 591,-6.49952,7.85648,7.63591,5.8546,-0.541718,-0.572228,-10844,13108,12740,9768,4066,4295
2841, 575,-5.96968,8.01951,7.39856,6.05359,-0.542651,-0.57889,-9960,13380,12344,10100,4073,4345
2842, 569,-6.02242,8.00752,7.38897,6.231,-0.53972,-0.564767,-10048,13360,12328,10396,4051,4239
2843, 569,-5.06583,8.50619,8.27604,5.71555,-0.512407,-0.544516,-8452,14192,13808,9536,3846,4087
2844, 566,-6.49712,7.98594,7.56399,5.74671,-0.496286,-0.522799,-10840,13324,12620,9588,3725,3924
2845, 554,-5.92652,8.05547,8.06746,5.45662,-0.480299,-0.505613,-9888,13440,13460,9104,3605,3795
2846, 548,-6.05119,8.24966,7.83011,5.39668,-0.459115,-0.479766,-10096,13764,13064,9004,3446,3601
2847, 549,-5.41107,8.71717,8.18014,5.10899,-0.432335,-0.450988,-9028,14544,13648,8524,3245,3385
2848, 549,-5.88816,8.19932,8.00272,5.74671,-0.397962,-0.42141,-9824,13680,13352,9588,2987,3163
2849, 537,-5.98886,8.08424,8.13219,5.6676,-0.376112,-0.397962,-9992,13488,13568,9456,2823,2987
2850, 533,-5.54533,7.89244,8.65483,5.91693,-0.352263,-0.375845,-9252,13168,14440,9872,2644,2821
2851, 533,-5.51896,8.37433,8.86581,5.30558,-0.323086,-0.346934,-9208,13972,14792,8852,2425,2604
2852, 537,-5.4782,8.35995,8.27364,5.59328,-0.283516,-0.313227,-9140,13948,13804,9332,2128,2351
2853, 527,-5.53334,7.61434,8.50859,5.27921,-0.262466,-0.286447,-9232,12704,14196,8808,1970,2150
2854, 523,-4.60792,8.27124,8.90177,5.08741,-0.234487,-0.255271,-7688,13800,14852,8488,1760,1916
2855, 526,-6.01043,8.56133,8.98568,4.90281,-0.199047,-0.217433,-10028,14284,14992,8180,1494,1632
2856, 523,-5.5693,8.91616,7.80374,5.8522,-0.158145,-0.183459,-9292,14876,13020,9764,1187,1377
2857, 519,-4.96274,8.30001,8.43667,5.18811,-0.12577,-0.143757,-8280,13848,14076,8656,944,1079
2858, 515,-5.13057,8.65723,8.1226,5.43984,-0.101522,-0.123372,-8560,14444,13552,9076,762,926
2859, 515,-5.29839,8.45345,8.55414,5.54533,-0.0670153,-0.0862006,-8840,14104,14272,9252,503,647
2860, 515,-5.31757,8.63326,8.59729,5.35113,-0.0358392,-0.0507611,-8872,14404,14344,8928,269,381
2861, 511,-5.4734,8.60209,8.91136,5.04426,0.00945942,-0.00586217,-9132,14352,14868,8416,-71,44
2862, 515,-4.64388,8.28323,8.15616,5.59807,0.0476968,0.0261133,-7748,13820,13608,9340,-358,-196
2863, 511,-6.20703,8.47982,8.55894,4.98432,0.0750092,0.0539587,-10356,14148,14280,8316,-563,-405
2864, 512,-5.18571,9.09597,8.15856,5.68198,0.104587,0.0834028,-8652,15176,13612,9480,-785,-626
2865, 518,-5.57649,8.23528,7.84689,5.26482,0.124438,0.105519,-9304,13740,13092,8784,-934,-792
2866, 518,-5.49258,8.82266,8.03149,5.55012,0.149485,0.125104,-9164,14720,13400,9260,-1122,-939
2867, 517,-5.84021,8.43667,8.3048,5.56211,0.166006,0.144689,-9744,14076,13856,9280,-1246,-1086
2868, 518,-5.66041,8.2161,8.47502,5.96009,0.189721,0.163475,-9444,13708,14140,9944,-1424,-1227
2869, 524,-5.70596,8.11541,8.47263,5.35833,0.214236,0.193319,-9520,13540,14136,8940,-1608,-1451
2870, 524,-5.55252,8.70998,7.96197,5.68438,0.233821,0.207974,-9264,14532,13284,9484,-1755,-1561
2871, 526,-5.84021,8.39111,7.63352,5.93372,0.244613,0.221031,-9744,14000,12736,9900,-1836,-1659
2872, 525,-6.15428,8.39831,8.05067,5.62924,0.260334,0.240616,-10268,14012,13432,9392,-1954,-1806
2873, 531,-5.80425,8.34796,8.22569,5.59567,0.278587,0.25647,-9684,13928,13724,9336,-2091,-1925
2874, 532,-5.97687,8.12979,8.1178,5.7563,0.290844,0.267662,-9972,13564,13544,9604,-2183,-2009
2875, 532,-5.99365,8.19932,7.98594,5.70356,0.3043,0.280985,-10000,13680,13324,9516,-2284,-2109
2876, 532,-5.82583,8.39111,7.97635,5.79706,0.321487,0.301369,-9720,14000,13308,9672,-2413,-2262
2877, 540,-5.73712,8.43906,8.29042,5.59567,0.340273,0.318556,-9572,14080,13832,9336,-2554,-2391
2878, 541,-6.08476,8.08184,7.77736,6.02722,0.351464,0.329481,-10152,13484,12976,10056,-2638,-2473
2879, 545,-5.96728,8.11301,8.13458,5.86419,0.36492,0.346002,-9956,13536,13572,9784,-2739,-2597
2880, 540,-6.03201,7.99793,7.69345,5.89296,0.374646,0.351198,-10064,13344,12836,9832,-2812,-2636
2881, 555,-6.05119,8.13219,7.87566,5.87138,0.388769,0.366519,-10096,13568,13140,9796,-2918,-2751
2882, 555,-6.30053,7.98115,7.47528,6.15908,0.392499,0.371315,-10512,13316,12472,10276,-2946,-2787
2883, 557,-6.34848,7.91162,7.78456,6.0392,0.391167,0.367052,-10592,13200,12988,10076,-2936,-2755
2884, 558,-6.41321,7.84449,7.59036,6.10873,0.38717,0.362655,-10700,13088,12664,10192,-2906,-2722
2885, 565,-6.30292,7.91881,7.68146,6.15908,0.390368,0.366253,-10516,13212,12816,10276,-2930,-2749
2886, 571,-6.46116,7.72222,7.41055,6.14709,0.385838,0.36119,-10780,12884,12364,10256,-2896,-2711
2887, 571,-6.57624,7.79894,7.38658,6.3221,0.379842,0.354662,-10972,13012,12324,10548,-2851,-2662
2888, 573,-6.6098,7.67907,7.39856,6.3245,0.366919,0.341205,-11028,12812,12344,10552,-2754,-2561
2889, 585,-6.53308,7.69585,7.37219,6.34128,0.355594,0.330413,-10900,12840,12300,10580,-2669,-2480
2890, 584,-6.79201,7.53042,7.19958,6.54267,0.342804,0.315225,-11332,12564,12012,10916,-2573,-2366
2891, 584,-6.80879,7.5568,7.27629,6.47554,0.321753,0.296306,-11360,12608,12140,10804,-2415,-2224
2892, 585,-6.71049,7.60954,7.38178,6.38684,0.305366,0.283516,-11196,12696,12316,10656,-2292,-2128
2893, 594,-6.72248,7.67188,7.34582,6.50671,0.299904,0.273524,-11216,12800,12256,10856,-2251,-2053
2894, 598,-6.8975,7.55919,7.06532,6.65295,0.288979,0.261533,-11508,12612,11788,11100,-2169,-1963
2895, 599,-6.84235,7.51844,7.16361,6.56665,0.271925,0.245545,-11416,12544,11952,10956,-2041,-1843
2896, 597,-6.81358,7.5568,7.29068,6.52109,0.259401,0.232888,-11368,12608,12164,10880,-1947,-1748
2897, 602,-6.77762,7.52323,7.29787,6.49472,0.251141,0.224628,-11308,12552,12176,10836,-1885,-1686
2898, 605,-6.80399,7.51125,7.1756,6.57144,0.243413,0.218233,-11352,12532,11972,10964,-1827,-1638
2899, 608,-6.94065,7.58796,7.21875,6.56425,0.235686,0.211172,-11580,12660,12044,10952,-1769,-1585
2900, 605,-6.90469,7.48727,7.24273,6.64576,0.223828,0.198248,-11520,12492,12084,11088,-1680,-1488
2901, 610,-6.76324,7.52083,7.38418,6.5163,0.2177,0.195717,-11284,12548,12320,10872,-1634,-1469
2902, 612,-6.92387,7.49926,7.15882,6.63617,0.213836,0.184792,-11552,12512,11944,11072,-1605,-1387
2903, 612,-6.94544,7.49446,7.20917,6.56904,0.202112,0.179329,-11588,12504,12028,10960,-1517,-1346
2904, 614,-6.83516,7.54001,7.18279,6.57384,0.193985,0.172401,-11404,12580,11984,10968,-1456,-1294
2905, 620,-6.87832,7.5496,7.11806,6.66254,0.191853,0.161476,-11476,12596,11876,11116,-1440,-1212
2906, 622,-6.96223,7.51125,7.06292,6.71769,0.179462,0.154948,-11616,12532,11784,11208,-1347,-1163
2907, 620,-6.94544,7.37938,7.12046,6.65775,0.166939,0.139493,-11588,12312,11880,11108,-1253,-1047
2908, 622,-6.83996,7.49446,7.1732,6.71529,0.154815,0.130567,-11412,12504,11968,11204,-1162,-980
2909, 623,-6.90948,7.47289,7.12525,6.64816,0.150152,0.129234,-11528,12468,11888,11092,-1127,-970
2910, 625,-6.91188,7.4609,7.10607,6.73447,0.145089,0.119775,-11532,12448,11856,11236,-1089,-899
2911, 625,-7.04374,7.38178,6.99339,6.76803,0.136962,0.109916,-11752,12316,11668,11292,-1028,-825
2912, 625,-6.89989,7.48008,7.11087,6.67453,0.1311,0.104453,-11512,12480,11864,11136,-984,-784
2913, 631,-7.03175,7.40336,7.27869,6.66494,0.121773,0.0964594,-11732,12352,12144,11120,-914,-724
2914, 630,-7.11327,7.34822,7.00538,6.87832,0.112181,0.0844686,-11868,12260,11688,11476,-842,-634
2915, 631,-6.99339,7.41535,7.04374,6.71769,0.105253,0.0759418,-11668,12372,11752,11208,-790,-570
2916, 632,-7.02936,7.41774,6.97421,6.80399,0.0919296,0.0682144,-11728,12376,11636,11352,-690,-512
2917, 632,-7.00538,7.31945,7.02936,6.72008,0.0846018,0.0586217,-11688,12212,11728,11212,-635,-440
2918, 634,-6.91667,7.47768,7.11327,6.69851,0.0811378,0.0526263,-11540,12476,11868,11176,-609,-395
2919, 635,-7.14204,7.29787,7.04614,6.80399,0.0732772,0.0463645,-11916,12176,11756,11352,-550,-348
2920, 634,-7.01257,7.44651,7.02936,6.76324,0.0654165,0.0397029,-11700,12424,11728,11284,-491,-298
2921, 638,-7.01018,7.37219,7.04854,6.72248,0.0582221,0.0301103,-11696,12300,11760,11216,-437,-226
2922, 635,-7.06532,7.38178,6.91907,6.76803,0.0484962,0.0183859,-11788,12316,11544,11292,-364,-138
2923, 635,-7.00538,7.50645,7.19478,6.69371,0.0436998,0.0183859,-11688,12524,12004,11168,-328,-138
2924, 635,-7.05573,7.37459,7.15642,6.78002,0.0407688,0.0133231,-11772,12304,11940,11312,-306,-100
2925, 636,-6.91188,7.49207,7.13245,6.7057,0.0389035,0.012657,-11532,12500,11900,11188,-292,-95
2926, 638,-6.96223,7.40336,7.07011,6.71529,0.0355727,0.0115911,-11616,12352,11796,11204,-267,-87
2927, 637,-7.0821,7.3626,7.09648,6.78002,0.0281118,-0.0021317,-11816,12284,11840,11312,-211,16
2928, 639,-6.97421,7.4585,7.11566,6.71529,0.0238484,-0.00666156,-11636,12444,11872,11204,-179,50
2929, 637,-7.09888,7.38897,7.02936,6.71769,0.0169204,-0.0107917,-11844,12328,11728,11208,-127,81
2930, 637,-6.90948,7.43692,7.21396,6.76084,0.0131899,-0.0101256,-11528,12408,12036,11280,-99,76
2931, 637,-7.0845,7.38178,7.05573,6.75844,0.0101256,-0.0170536,-11820,12316,11772,11276,-76,128
2932, 640,-6.85674,7.44651,7.18999,6.68172,0.0106585,-0.0199847,-11440,12424,11996,11148,-80,150
2933, 638,-6.9886,7.41774,7.05333,6.79201,0.00679479,-0.0209173,-11660,12376,11768,11332,-51,157
2934, 636,-6.91907,7.4585,7.11566,6.68652,0.00373047,-0.0261133,-11544,12444,11872,11156,-28,196
2935, 636,-6.98141,7.39856,7.18999,6.74885,-0.00199847,-0.0273124,-11648,12344,11996,11260,15,205
2936, 636,-6.85434,7.48008,7.22595,6.61939,-0.000932619,-0.0255804,-11436,12480,12056,11044,7,192
2937, 637,-6.8975,7.49926,7.24513,6.74166,0.00492956,-0.023049,-11508,12512,12088,11248,-37,173
2938, 634,-6.98141,7.4609,7.14923,6.73207,0.00226493,-0.0211838,-11648,12448,11928,11232,-17,159
2939, 636,-6.82557,7.4609,7.15402,6.69611,0.00319755,-0.0229158,-11388,12448,11936,11172,-24,172
2940, 636,-6.91667,7.4609,7.18279,6.69611,0.00119908,-0.0214502,-11540,12448,11984,11172,-9,161
2941, 635,-6.90469,7.44412,7.18279,6.69611,0.00452986,-0.0221164,-11520,12420,11984,11172,-34,166
2942, 635,-6.88791,7.48248,7.15163,6.68892,0.00572894,-0.0175865,-11492,12484,11932,11160,-43,132
2943, 636,-6.84475,7.50885,7.13005,6.53308,0.0107917,-0.0146554,-11420,12528,11896,10900,-81,110
2944, 637,-6.73687,7.5496,7.30506,6.66734,0.0170536,-0.00626187,-11240,12596,12188,11124,-128,47
2945, 638,-6.75365,7.5568,7.38658,6.56904,0.0257136,0.00652833,-11268,12608,12324,10960,-193,-49
2946, 636,-6.64816,7.58557,7.39856,6.49712,0.0427672,0.0203844,-11092,12656,12344,10840,-321,-153
2947, 636,-6.54267,7.77736,7.5568,6.37725,0.0671485,0.0486294,-10916,12976,12608,10640,-504,-365
2948, 639,-6.61699,7.70304,7.50166,6.41561,0.0949939,0.0756753,-11040,12852,12516,10704,-713,-568
2949, 637,-6.61699,7.68146,7.46809,6.4228,0.124571,0.107251,-11040,12816,12460,10716,-935,-805
2950, 639,-6.54507,7.64311,7.50645,6.49952,0.156547,0.1311,-10920,12752,12524,10844,-1175,-984
2951, 637,-6.72248,7.63591,7.31465,6.63617,0.173334,0.150551,-11216,12740,12204,11072,-1301,-1130
2952, 639,-6.72967,7.58557,7.34582,6.55226,0.192652,0.171602,-11228,12656,12256,10932,-1446,-1288
2953, 645,-6.81838,7.48727,7.24992,6.72488,0.203044,0.186257,-11376,12492,12096,11220,-1524,-1398
2954, 645,-6.97661,7.39856,6.96942,6.88551,0.212904,0.181328,-11640,12344,11628,11488,-1598,-1361
2955, 646,-7.20917,7.22115,6.86153,6.94544,0.197049,0.168538,-12028,12048,11448,11588,-1479,-1265
2956, 647,-7.22834,7.25232,6.87112,6.96942,0.183859,0.154282,-12060,12100,11464,11628,-1380,-1158
2957, 652,-7.21636,7.22834,6.91667,6.87592,0.170669,0.144023,-12040,12060,11540,11472,-1281,-1081
2958, 654,-7.24513,7.12286,6.85194,7.00298,0.157213,0.131233,-12088,11884,11432,11684,-1180,-985
2959, 654,-7.32904,7.11327,6.73926,6.96223,0.142025,0.112181,-12228,11868,11244,11616,-1066,-842
2960, 652,-7.2715,7.21875,6.75125,7.05093,0.128168,0.10059,-12132,12044,11264,11764,-962,-755
2961, 656,-7.22834,7.24273,6.98141,6.90948,0.110848,0.0888652,-12060,12084,11648,11528,-832,-667
2962, 660,-7.17081,7.22355,6.75604,6.92866,0.103121,0.0779403,-11964,12052,11272,11560,-774,-585
2963, 659,-7.44651,7.15163,6.68412,7.14683,0.0884655,0.0588882,-12424,11932,11152,11924,-664,-442
2964, 661,-7.53762,7.00298,6.58822,7.16601,0.0568897,0.0275789,-12576,11684,10992,11956,-427,-207
2965, 659,-7.47289,6.991,6.50911,7.20197,0.0291776,-0,-12468,11664,10860,12016,-219,0
2966, 660,-7.44651,7.03895,6.64336,7.11327,-0.000932619,-0.032242,-12424,11744,11084,11868,7,242
2967, 662,-7.38418,7.10128,6.77283,7.07251,-0.0201179,-0.0526263,-12320,11848,11300,11800,151,395
2968, 658,-7.37938,7.09169,6.74166,7.03415,-0.0394364,-0.0732772,-12312,11832,11248,11736,296,550
2969, 655,-7.22834,7.20677,6.77283,7.04854,-0.0554242,-0.0846018,-12060,12024,11300,11760,416,635
2970, 657,-7.18279,7.33383,7.01977,6.90948,-0.0636845,-0.0896646,-11984,12236,11712,11528,478,673
2971, 656,-7.29068,7.13005,6.66254,7.11327,-0.0744763,-0.104853,-12164,11896,11116,11868,559,787
2972, 656,-7.31465,7.14443,6.86393,6.94065,-0.0888652,-0.12204,-12204,11920,11452,11580,667,916
2973, 657,-7.13964,7.18759,6.90708,6.92626,-0.101655,-0.131499,-11912,11992,11524,11556,763,987
2974, 653,-7.35781,7.19718,6.99579,6.86873,-0.116977,-0.145888,-12276,12008,11672,11460,878,1095
2975, 653,-7.24992,7.29787,6.95264,6.87352,-0.128968,-0.160277,-12096,12176,11600,11468,968,1203
2976, 653,-7.3674,7.12286,6.78721,6.83756,-0.142424,-0.169337,-12292,11884,11324,11408,1069,1271
2977, 649,-7.04854,7.30746,7.02936,6.84955,-0.14762,-0.177464,-11760,12192,11728,11428,1108,1332
2978, 647,-7.10128,7.33144,7.02696,6.80879,-0.153216,-0.182127,-11848,12232,11724,11360,1150,1367
2979, 648,-7.16122,7.18279,6.991,6.81598,-0.15668,-0.188389,-11948,11984,11664,11372,1176,1414
2980, 648,-7.10368,7.2667,7.04854,6.71529,-0.163608,-0.191853,-11852,12124,11760,11204,1228,1440
2981, 642,-7.14443,7.37699,7.10847,6.76803,-0.170536,-0.200779,-11920,12308,11860,11292,1280,1507
2982, 640,-6.84955,7.38658,7.13005,6.77762,-0.173467,-0.202378,-11428,12324,11896,11308,1302,1519
2983, 635,-6.90469,7.47768,7.36979,6.63138,-0.174266,-0.202511,-11520,12476,12296,11064,1308,1520
2984, 642,-6.76563,7.56639,7.41055,6.46355,-0.170003,-0.19585,-11288,12624,12364,10784,1276,1470
2985, 635,-6.85194,7.45371,6.94305,6.90229,-0.170136,-0.197582,-11432,12436,11584,11516,1277,1483
2986, 629,-6.90229,7.48487,7.39377,6.54267,-0.167338,-0.194917,-11516,12488,12336,10916,1256,1463
2987, 634,-6.76324,7.51364,7.29787,6.56904,-0.164674,-0.189855,-11284,12536,12176,10960,1236,1425
2988, 634,-6.85674,7.52323,7.25711,6.59062,-0.155614,-0.18759,-11440,12552,12108,10996,1168,1408
2989, 629,-6.77283,7.61673,7.31705,6.58343,-0.153882,-0.185325,-11300,12708,12208,10984,1155,1391
2990, 624,-6.87832,7.4561,7.32904,6.60261,-0.153882,-0.182127,-11476,12440,12228,11016,1155,1367
2991, 625,-6.47075,7.79175,7.36979,6.5187,-0.147354,-0.176132,-10796,13000,12296,10876,1106,1322
2992, 625,-6.85194,7.48487,7.18999,6.52589,-0.140159,-0.165207,-11432,12488,11996,10888,1052,1240
2993, 620,-6.78961,7.66229,7.35301,6.43718,-0.132965,-0.157346,-11328,12784,12268,10740,998,1181
2994, 620,-6.63617,7.56399,7.29547,6.46595,-0.124571,-0.150152,-11072,12620,12172,10788,935,1127
2995, 619,-6.66734,7.71023,7.35541,6.418,-0.114446,-0.136828,-11124,12864,12272,10708,859,1027
2996, 619,-6.76084,7.56639,7.33383,6.38684,-0.103121,-0.129634,-11280,12624,12236,10656,774,973
2997, 615,-6.54507,7.71503,7.43692,6.46595,-0.0965926,-0.124305,-10920,12872,12408,10788,725,933
2998, 616,-6.66494,7.72702,7.45131,6.25977,-0.0848683,-0.109783,-11120,12892,12432,10444,637,824
2999, 615,-6.41321,7.80374,7.38897,6.54267,-0.0720781,-0.0976585,-10700,13020,12328,10916,541,733
3000, 613,-6.76084,7.6503,7.46569,6.23819,-0.0663492,-0.0901975,-11280,12764,12456,10408,498,677
3001, 610,-6.57624,7.77976,7.44651,6.43479,-0.05649,-0.080072,-10972,12980,12424,10736,424,601
3002, 614,-6.50431,7.73421,7.49686,6.37725,-0.0433002,-0.0643507,-10852,12904,12508,10640,325,483
3003, 613,-6.54986,7.739,7.41774,6.39643,-0.0291776,-0.0562236,-10928,12912,12376,10672,219,422
3004, 615,-6.74406,7.63112,7.40815,6.37485,-0.0249142,-0.053026,-11252,12732,12360,10636,187,398
3005, 609,-6.53548,7.81093,7.32904,6.57863,-0.0193185,-0.0459648,-10904,13032,12228,10976,145,345
3006, 609,-6.71049,7.7438,7.66708,6.37005,-0.0142557,-0.0353063,-11196,12920,12792,10628,107,265
3007, 609,-6.67933,7.61673,7.30986,6.59781,-0.00546248,-0.0277121,-11144,12708,12196,11008,41,208
3008, 609,-6.57384,7.7462,7.38658,6.45396,0.00466309,-0.0231822,-10968,12924,12324,10768,-35,174
3009, 609,-6.65295,7.70544,7.49686,6.45876,0.0146554,-0.0134564,-11100,12856,12508,10776,-110,101
3010, 612,-6.72728,7.64311,7.51125,6.31491,0.0194518,-0.00759418,-11224,12752,12532,10536,-146,57
3011, 609,-6.59781,7.64071,7.21636,6.6122,0.0267795,0.000133231,-11008,12748,12040,11032,-201,-1
3012, 611,-6.65535,7.78456,7.51844,6.41081,0.0310429,0.00466309,-11104,12988,12544,10696,-233,-35
3013, 609,-6.64576,7.59755,7.23793,6.54986,0.031709,0.0105253,-11088,12676,12076,10928,-238,-79
3014, 613,-6.68172,7.68386,7.49446,6.42999,0.0338407,0.00866003,-11148,12820,12504,10728,-254,-65
3015, 608,-6.75125,7.6479,7.32904,6.55466,0.0335743,0.00932619,-11264,12760,12228,10936,-252,-70
3016, 611,-6.54986,7.69345,7.45371,6.37964,0.0385038,0.0154548,-10928,12836,12436,10644,-289,-116
3017, 611,-6.67933,7.61913,7.22595,6.48753,0.0417014,0.0175865,-11144,12712,12056,10824,-313,-132
3018, 611,-6.73447,7.62632,7.37219,6.47554,0.0498285,0.0201179,-11236,12724,12300,10804,-374,-151
3019, 614,-6.66254,7.69105,7.35062,6.45876,0.0516937,0.0258469,-11116,12832,12264,10776,-388,-194
3020, 614,-6.75125,7.552,7.22355,6.55706,0.0475636,0.0210505,-11264,12600,12052,10940,-357,-158
3021, 612,-6.71289,7.51604,7.2739,6.50191,0.0496953,0.0217167,-11200,12540,12136,10848,-373,-163
3022, 612,-6.73687,7.66468,7.23074,6.53548,0.0444992,0.0211838,-11240,12788,12064,10904,-334,-159
3023, 612,-6.69611,7.65749,7.45131,6.48513,0.0492956,0.0254472,-11172,12776,12432,10820,-370,-191
3024, 616,-6.69131,7.61434,7.32424,6.47075,0.0532925,0.0283783,-11164,12704,12220,10796,-400,-213
3025, 615,-6.78721,7.58077,7.21875,6.66254,0.0534257,0.0238484,-11324,12648,12044,11116,-401,-179
3026, 615,-6.8016,7.51844,7.22355,6.5139,0.0470306,0.0234487,-11348,12544,12052,10868,-353,-176
3027, 611,-6.7968,7.58796,7.28349,6.58583,0.0438331,0.021317,-11340,12660,12152,10988,-329,-160
3028, 613,-6.71289,7.63352,7.44172,6.4228,0.0502282,0.0234487,-11200,12736,12416,10716,-377,-176
3029, 615,-6.67213,7.70544,7.32424,6.55706,0.0492956,0.0275789,-11132,12856,12220,10940,-370,-207
3030, 617,-6.85914,7.59516,7.31465,6.57863,0.0531593,0.0269127,-11444,12672,12204,10976,-399,-202
3031, 616,-6.72248,7.5544,7.28828,6.5163,0.0558239,0.0293109,-11216,12604,12160,10872,-419,-220
3032, 616,-6.82797,7.57358,7.31705,6.55706,0.0524931,0.024781,-11392,12636,12208,10940,-394,-186
3033, 616,-6.74166,7.52803,7.29547,6.54747,0.0522266,0.0274456,-11248,12560,12172,10924,-392,-206
3034, 617,-6.83516,7.59755,7.2691,6.54267,0.0516937,0.0289112,-11404,12676,12128,10916,-388,-217
3035, 617,-6.79201,7.56399,7.28349,6.56904,0.0524931,0.0253139,-11332,12620,12152,10960,-394,-190
3036, 616,-6.80399,7.57118,7.30506,6.54507,0.0506279,0.0246478,-11352,12632,12188,10920,-380,-185
3037, 620,-6.76803,7.64071,7.28349,6.52589,0.0539587,0.0209173,-11292,12748,12152,10888,-405,-157
3038, 617,-6.85914,7.55919,7.21396,6.605,0.051827,0.0245145,-11444,12612,12036,11020,-389,-184
3039, 619,-7.18759,7.28349,6.90708,6.88311,0.0302435,-0.00146554,-11992,12152,11524,11484,-227,11
3040, 619,-7.37699,7.14683,6.60021,7.13964,-0.010925,-0.04783,-12308,11924,11012,11912,82,359
3041, 616,-7.49926,7.07011,6.59542,7.07011,-0.0619525,-0.100456,-12512,11796,11004,11796,465,754
3042, 619,-7.50405,7.10607,6.69851,6.98141,-0.117776,-0.150818,-12520,11856,11176,11648,884,1132
3043, 616,-7.42014,7.19958,6.69371,6.95983,-0.162142,-0.197982,-12380,12012,11168,11612,1217,1486
3044, 617,-7.11327,7.32664,6.87112,6.81119,-0.201312,-0.23915,-11868,12224,11464,11364,1511,1795
3045, 610,-7.10368,7.37219,7.04614,6.69131,-0.229691,-0.262998,-11852,12300,11756,11164,1724,1974
3046, 609,-6.71049,7.68146,7.2667,6.40841,-0.240083,-0.265263,-11196,12816,12124,10692,1802,1991
3047, 608,-6.49952,7.77736,7.59276,6.36286,-0.231423,-0.253406,-10844,12976,12668,10616,1737,1902
3048, 607,-6.55466,7.80374,7.52563,6.31012,-0.214369,-0.242348,-10936,13020,12556,10528,1609,1819
3049, 602,-6.55466,7.69825,7.52083,6.37725,-0.206109,-0.233954,-10936,12844,12548,10640,1547,1756
3050, 599,-6.53068,7.72462,7.45131,6.30772,-0.201446,-0.227159,-10896,12888,12432,10524,1512,1705
3051, 600,-6.36046,7.87806,7.87566,6.1351,-0.182527,-0.204643,-10612,13144,13140,10236,1370,1536
3052, 600,-6.35807,7.90683,7.67427,6.14469,-0.155081,-0.177597,-10608,13192,12804,10252,1164,1333
3053, 593,-6.48034,7.72702,7.57118,6.29573,-0.141625,-0.167472,-10812,12892,12632,10504,1063,1257
3054, 595,-6.14229,8.04108,7.94039,6.01763,-0.123106,-0.14309,-10248,13416,13248,10040,924,1074
3055, 593,-6.38444,7.85888,7.65749,6.24299,-0.10059,-0.128435,-10652,13112,12776,10416,755,964
3056, 597,-6.12072,7.99313,7.8373,5.98886,-0.0763415,-0.0947274,-10212,13336,13076,9992,573,711
3057, 591,-6.55466,7.81812,7.72702,6.02722,-0.0619525,-0.0788729,-10936,13044,12892,10056,465,592
3058, 592,-6.25737,7.98594,7.79415,6.10394,-0.0302435,-0.057023,-10440,13324,13004,10184,227,428
3059, 590,-5.97687,8.2137,7.97396,6.09914,0.00173201,-0.0246478,-9972,13704,13304,10176,-13,185
3060, 591,-6.01283,8.15616,8.0291,5.97447,0.0331746,0.0123905,-10032,13608,13396,9968,-249,-93
3061, 591,-5.98646,8.05787,7.88525,6.1399,0.0664824,0.0471639,-9988,13444,13156,10244,-499,-354
3062, 591,-6.25498,8.03389,7.76777,6.12791,0.0936616,0.0730107,-10436,13404,12960,10224,-703,-548
3063, 593,-6.29573,7.98354,7.61673,6.28375,0.120708,0.092196,-10504,13320,12708,10484,-906,-692
3064, 591,-6.35807,7.91881,7.54721,6.27176,0.132299,0.109649,-10608,13212,12592,10464,-993,-823
3065, 595,-6.72967,7.63591,7.75818,6.17586,0.146954,0.127103,-11228,12740,12944,10304,-1103,-954
3066, 596,-6.27176,7.90203,7.43453,6.33169,0.159078,0.1303,-10464,13184,12404,10564,-1194,-978
3067, 596,-6.59062,7.64071,7.36979,6.4228,0.161343,0.139227,-10996,12748,12296,10716,-1211,-1045
3068, 598,-6.6074,7.85648,7.75818,5.9529,0.167605,0.142025,-11024,13108,12944,9932,-1258,-1066
3069, 599,-6.48753,7.63112,7.06052,6.77043,0.168804,0.141891,-10824,12732,11780,11296,-1267,-1065
3070, 603,-6.8975,7.69585,7.69585,6.18305,0.16574,0.148553,-11508,12840,12840,10316,-1244,-1115
3071, 601,-6.67933,7.43932,7.05813,6.75125,0.164141,0.136029,-11144,12412,11776,11264,-1232,-1021
3072, 600,-7.00778,7.42733,7.39617,6.35087,0.152017,0.124704,-11692,12392,12340,10596,-1141,-936
3073, 605,-6.45876,7.72462,7.10368,6.84715,0.140292,0.112447,-10776,12888,11852,11424,-1053,-844
3074, 607,-6.76084,7.44412,7.56639,6.34368,0.130167,0.102188,-11280,12420,12624,10584,-977,-767
3075, 605,-6.83037,7.59995,6.73207,6.73687,0.113513,0.0846018,-11396,12680,11232,11240,-852,-635
3076, 608,-6.9886,7.54001,7.52803,6.21422,0.10472,0.0787397,-11660,12580,12560,10368,-786,-591
3077, 609,-6.87832,7.45131,7.07011,6.68892,0.100323,0.0744763,-11476,12432,11796,11160,-753,-559
3078, 606,-6.84475,7.29787,7.64071,6.54986,0.0988576,0.0736769,-11420,12176,12748,10928,-742,-553
3079, 609,-6.59542,7.47528,7.39617,6.53788,0.103121,0.0762083,-11004,12472,12340,10908,-774,-572
3080, 611,-6.61459,7.66468,7.49207,6.48513,0.10925,0.0856677,-11036,12788,12500,10820,-820,-643
3081, 611,-6.67693,7.6479,7.48727,6.39882,0.122706,0.0963262,-11140,12760,12492,10676,-921,-723
3082, 611,-6.55466,7.68146,7.58796,6.33409,0.136029,0.118043,-10936,12816,12660,10568,-1021,-886
3083, 613,-6.58103,7.80134,7.6455,6.16627,0.15708,0.135763,-10980,13016,12756,10288,-1179,-1019
3084, 613,-6.4228,7.97875,7.49207,6.56185,0.179862,0.160677,-10716,13312,12500,10948,-1350,-1206
3085, 619,-6.56425,7.72462,7.69105,6.21182,0.20451,0.181061,-10952,12888,12832,10364,-1535,-1359
3086, 619,-6.49472,7.91642,7.23074,6.54507,0.229158,0.202778,-10836,13208,12064,10920,-1720,-1522
3087, 620,-6.80879,7.77017,7.51844,6.21662,0.245545,0.225427,-11360,12964,12544,10372,-1843,-1692
3088, 616,-6.64336,7.58077,7.47528,6.38204,0.267928,0.245678,-11084,12648,12472,10648,-2011,-1844
3089, 628,-6.18065,8.0219,7.73421,6.26936,0.296306,0.278054,-10312,13384,12904,10460,-2224,-2087
3090, 630,-6.82557,7.2715,7.12286,6.45396,0.317357,0.302701,-11388,12132,11884,10768,-2382,-2272
3091, 631,-6.41321,7.91881,7.47049,6.77762,0.338807,0.314825,-10700,13212,12464,11308,-2543,-2363
3092, 630,-7.2691,7.25711,7.09648,6.65056,0.346268,0.326816,-12128,12108,11840,11096,-2599,-2453
3093, 638,-6.91667,7.90683,7.38658,6.69131,0.360923,0.33441,-11540,13192,12324,11164,-2709,-2510
3094, 642,-7.2739,6.82797,6.67693,6.57624,0.359858,0.342937,-12136,11392,11140,10972,-2701,-2574
3095, 642,-6.87352,7.80853,7.30506,6.8016,0.366652,0.337342,-11468,13028,12188,11348,-2752,-2532
3096, 642,-6.95264,6.88311,6.53068,6.8903,0.351997,0.329481,-11600,11484,10896,11496,-2642,-2473
3097, 656,-7.06292,7.56639,7.72941,6.57384,0.355328,0.334144,-11784,12624,12896,10968,-2667,-2508
3098, 657,-7.11806,7.14683,5.96968,7.2691,0.349732,0.324818,-11876,11924,9960,12128,-2625,-2438
3099, 655,-7.23793,7.01977,7.27869,6.7057,0.341871,0.314026,-12076,11712,12144,11188,-2566,-2357
3100, 659,-6.8951,7.51604,6.40841,7.31465,0.328015,0.302968,-11504,12540,10692,12204,-2462,-2274
3101, 666,-7.53522,6.87112,7.19478,6.77283,0.31749,0.294175,-12572,11464,12004,11300,-2383,-2208
3102, 667,-7.32185,6.80399,6.36766,7.11566,0.307364,0.282717,-12216,11352,10624,11872,-2307,-2122
3103, 664,-7.53762,6.87832,6.82317,7.0821,0.287113,0.259801,-12576,11476,11384,11816,-2155,-1950
3104, 664,-6.92147,7.13005,6.69371,7.19238,0.27832,0.248077,-11548,11896,11168,12000,-2089,-1862
3105, 672,-7.5568,7.04854,6.64816,7.10607,0.264864,0.241548,-12608,11760,11092,11856,-1988,-1813
3106, 677,-7.37699,7.16601,6.67213,7.31465,0.255404,0.223162,-12308,11956,11132,12204,-1917,-1675
3107, 678,-7.35301,7.08689,6.3245,7.178,0.232622,0.208507,-12268,11824,10552,11976,-1746,-1565
3108, 675,-7.16841,6.89989,6.46355,7.28828,0.215168,0.185058,-11960,11512,10784,12160,-1615,-1389
3109, 685,-7.40336,6.94784,6.59302,7.22595,0.201979,0.174933,-12352,11592,11000,12056,-1516,-1313
3110, 685,-7.365,7.0773,6.65295,7.28588,0.188389,0.165473,-12288,11808,11100,12156,-1414,-1242
3111, 688,-7.87326,6.66254,6.35087,7.15163,0.169204,0.140026,-13136,11116,10596,11932,-1270,-1051
3112, 684,-7.50885,6.86393,6.47554,7.58796,0.145355,0.113913,-12528,11452,10804,12660,-1091,-855
3113, 688,-7.4585,6.82557,6.67213,7.23554,0.123905,0.0949939,-12444,11388,11132,12072,-930,-713
3114, 690,-7.4609,6.74885,6.49712,7.16601,0.106718,0.0776738,-12448,11260,10840,11956,-801,-583
3115, 690,-7.53282,6.69131,6.33409,7.39377,0.0866003,0.0642175,-12568,11164,10568,12336,-650,-482
3116, 693,-7.40576,7.08929,6.65056,7.42733,0.0722113,0.0405023,-12356,11828,11096,12392,-542,-304
3117, 693,-7.65749,6.77762,6.49232,7.47528,0.0527596,0.0231822,-12776,11308,10832,12472,-396,-174
3118, 695,-7.5496,7.02936,6.45876,7.3626,0.033441,0.000932619,-12596,11728,10776,12284,-251,-7
3119, 688,-7.79894,6.43958,6.15188,7.59276,0.00519602,-0.0201179,-13012,10744,10264,12668,-39,151
3120, 692,-7.71503,7.0773,6.72248,7.09169,-0.00599541,-0.0337075,-12872,11808,11216,11832,45,253
3121, 690,-7.35781,6.99339,6.39163,7.48967,-0.023049,-0.0507611,-12276,11668,10664,12496,173,381
3122, 690,-7.57358,6.87832,6.81358,7.09888,-0.0311761,-0.0616861,-12636,11476,11368,11844,234,463
3123, 688,-7.55919,6.92626,6.59781,7.17081,-0.0468974,-0.0774074,-12612,11556,11008,11964,352,581
3124, 693,-7.3626,6.93825,6.75604,7.11087,-0.0599541,-0.0859342,-12284,11576,11272,11864,450,645
3125, 690,-7.54721,6.8975,6.46116,7.4585,-0.0799387,-0.109916,-12592,11508,10780,12444,600,825
3126, 686,-7.73181,6.97421,6.66254,7.30267,-0.0916631,-0.121374,-12900,11636,11116,12184,688,911
3127, 688,-7.35541,7.02456,6.62658,7.30746,-0.0997902,-0.132165,-12272,11720,11056,12192,749,992
3128, 689,-7.5496,6.94305,6.54267,7.05333,-0.111648,-0.13976,-12596,11584,10916,11768,838,1049
3129, 685,-7.4633,6.87112,6.43718,7.20917,-0.123106,-0.158678,-12452,11464,10740,12028,924,1191
3130, 685,-7.43453,7.07251,6.80879,7.06771,-0.130833,-0.158678,-12404,11800,11360,11792,982,1191
3131, 682,-7.52803,7.02456,6.56904,7.28588,-0.140692,-0.170936,-12560,11720,10960,12156,1056,1283
3132, 683,-7.42014,7.0821,6.73687,7.16361,-0.148686,-0.177597,-12380,11816,11240,11952,1116,1333
3133, 679,-7.33383,7.0797,6.75604,7.0845,-0.156813,-0.18719,-12236,11812,11272,11820,1177,1405
3134, 678,-7.29787,7.12286,6.8927,7.02216,-0.161077,-0.189455,-12176,11884,11500,11716,1209,1422
3135, 675,-7.12286,7.20677,6.91907,6.96702,-0.161476,-0.189322,-11884,12024,11544,11624,1212,1421
3136, 674,-7.2715,7.0845,6.79201,7.00538,-0.165207,-0.194251,-12132,11820,11332,11688,1240,1458
3137, 669,-7.24513,7.18519,6.90708,6.93585,-0.165207,-0.19545,-12088,11988,11524,11572,1240,1467
3138, 667,-7.13005,7.29787,6.93585,6.84715,-0.16574,-0.192519,-11896,12176,11572,11424,1244,1445
3139, 667,-7.03895,7.27869,7.06052,6.88071,-0.160277,-0.185058,-11744,12144,11780,11480,1203,1389
3140, 667,-7.02216,7.30027,7.11327,6.93585,-0.15255,-0.179462,-11716,12180,11868,11572,1145,1347
3141, 663,-6.99579,7.32185,7.04134,6.87592,-0.139893,-0.162009,-11672,12216,11748,11472,1050,1216
3142, 664,-6.93346,7.36021,7.23314,6.85434,-0.128168,-0.151484,-11568,12280,12068,11436,962,1137
3143, 666,-7.0797,7.29068,6.92626,6.91667,-0.122173,-0.149885,-11812,12164,11556,11540,917,1125
3144, 663,-7.26431,7.21636,6.81119,6.87832,-0.125237,-0.153882,-12120,12040,11364,11476,940,1155
3145, 660,-7.1756,7.29787,6.99819,6.81598,-0.126037,-0.151351,-11972,12176,11676,11372,946,1136
3146, 661,-6.95503,7.3626,7.02936,6.76563,-0.121907,-0.146155,-11604,12284,11728,11288,915,1097
3147, 658,-7.16841,7.31465,6.94544,6.88071,-0.11791,-0.146421,-11960,12204,11588,11480,885,1099
3148, 659,-7.01497,7.33383,7.10128,6.72008,-0.118043,-0.14349,-11704,12236,11848,11212,886,1077
3149, 658,-7.04614,7.37219,7.05813,6.81358,-0.111914,-0.13856,-11756,12300,11776,11368,840,1040
3150, 656,-7.05333,7.32424,7.04854,6.86873,-0.10845,-0.140426,-11768,12220,11760,11460,814,1054
3151, 654,-7.08689,7.2739,6.95983,6.86393,-0.106185,-0.138294,-11824,12136,11612,11452,797,1038
3152, 656,-7.04134,7.32904,7.15882,6.75604,-0.109916,-0.139227,-11748,12228,11944,11272,825,1045
3153, 651,-7.10128,7.27629,7.01497,6.86633,-0.109516,-0.135363,-11848,12140,11704,11456,822,1016
3154, 652,-6.97901,7.35541,7.15882,6.78481,-0.109649,-0.139227,-11644,12272,11944,11320,823,1045
3155, 650,-7.0845,7.24033,6.95264,6.86393,-0.112181,-0.140426,-11820,12080,11600,11452,842,1054
3156, 650,-7.12525,7.41774,7.16841,6.71529,-0.111781,-0.140692,-11888,12376,11960,11204,839,1056
3157, 647,-7.02456,7.38178,7.01257,6.80879,-0.112314,-0.140692,-11720,12316,11700,11360,843,1056
3158, 645,-6.99819,7.35541,7.13724,6.68412,-0.10925,-0.138028,-11676,12272,11908,11152,820,1036
3159, 647,-6.86633,7.48008,7.20917,6.7081,-0.107518,-0.135763,-11456,12480,12028,11192,807,1019
3160, 644,-7.03895,7.41055,7.04374,6.82078,-0.108184,-0.136029,-11744,12364,11752,11380,812,1021
3161, 645,-6.9838,7.39377,7.21636,6.6098,-0.103254,-0.134564,-11652,12336,12040,11028,775,1010
3162, 642,-6.80879,7.44651,7.13245,6.65056,-0.102322,-0.129101,-11360,12424,11900,11096,768,969
3163, 640,-6.94784,7.47768,7.16361,6.57384,-0.102455,-0.12617,-11592,12476,11952,10968,769,947
3164, 643,-6.98141,7.39377,7.19958,6.55706,-0.0964594,-0.119109,-11648,12336,12012,10940,724,894
3165, 640,-6.87112,7.40576,7.00059,6.82078,-0.0885988,-0.119242,-11464,12356,11680,11380,665,895
3166, 637,-6.9886,7.45371,7.178,6.57384,-0.0916631,-0.121507,-11660,12436,11976,10968,688,912
3167, 637,-6.81358,7.52323,7.31465,6.65295,-0.0905972,-0.115112,-11368,12552,12204,11100,680,864
3168, 636,-6.83996,7.4609,7.16122,6.63857,-0.0901975,-0.111648,-11412,12448,11948,11076,677,838
3169, 632,-6.76084,7.52803,7.28349,6.62658,-0.0812711,-0.106718,-11280,12560,12152,11056,610,801
3170, 636,-6.78721,7.53762,7.39377,6.50671,-0.0763415,-0.0981914,-11324,12576,12336,10856,573,737
3171, 633,-6.93825,7.48727,7.11806,6.77522,-0.0711455,-0.0977917,-11576,12492,11876,11304,534,734
3172, 631,-6.85434,7.47528,7.26191,6.72248,-0.0722113,-0.102855,-11436,12472,12116,11216,542,772
3173, 631,-7.03175,7.4561,7.15163,6.66734,-0.0775406,-0.105652,-11732,12440,11932,11124,582,793
3174, 631,-7.01257,7.45371,7.14923,6.78481,-0.0790061,-0.113247,-11700,12436,11928,11320,593,850
3175, 624,-7.01737,7.35541,7.01018,6.77283,-0.093928,-0.128168,-11708,12272,11696,11300,705,962
3176, 627,-6.93346,7.5544,7.20917,6.55466,-0.105119,-0.132299,-11568,12604,12028,10936,789,993
3177, 627,-6.86153,7.4585,7.12046,6.72728,-0.115112,-0.140559,-11448,12444,11880,11224,864,1055
3178, 620,-7.12525,7.36979,7.05333,6.75365,-0.123106,-0.151884,-11888,12296,11768,11268,924,1140
3179, 625,-6.74646,7.50405,7.19958,6.66494,-0.1303,-0.156413,-11256,12520,12012,11120,978,1174
3180, 627,-6.83996,7.49446,7.14683,6.71049,-0.132165,-0.166806,-11412,12504,11924,11196,992,1252
3181, 620,-6.88311,7.40336,7.08689,6.71049,-0.142291,-0.177331,-11484,12352,11824,11196,1068,1331
3182, 618,-6.72728,7.54241,7.40576,6.4252,-0.148819,-0.176398,-11224,12584,12356,10720,1117,1324
3183, 619,-6.63617,7.7438,7.28349,6.52349,-0.142158,-0.172668,-11072,12920,12152,10884,1067,1296
3184, 618,-6.68652,7.65509,7.48487,6.418,-0.13443,-0.158945,-11156,12772,12488,10708,1009,1193
3185, 616,-6.75844,7.61913,7.2739,6.418,-0.130966,-0.153083,-11276,12712,12136,10708,983,1149
3186, 615,-6.6122,7.68626,7.39856,6.43718,-0.122706,-0.148153,-11032,12824,12344,10740,921,1112
3187, 611,-6.67453,7.69105,7.47289,6.42759,-0.116977,-0.146288,-11136,12832,12468,10724,878,1098
3188, 611,-6.59302,7.72462,7.53042,6.36286,-0.110182,-0.133498,-11000,12888,12564,10616,827,1002
3189, 608,-6.49472,7.75339,7.49686,6.37964,-0.0976585,-0.120708,-10836,12936,12508,10644,733,906
3190, 608,-6.46116,7.85888,7.65509,6.2358,-0.0795391,-0.102855,-10780,13112,12772,10404,597,772
3191, 608,-6.55706,7.8349,7.52323,6.28854,-0.0636845,-0.0862006,-10940,13072,12552,10492,478,647
3192, 608,-6.44437,7.86367,7.65509,6.28614,-0.0451654,-0.0687473,-10752,13120,12772,10488,339,516
3193, 606,-6.44917,7.80853,7.49207,6.27655,-0.0278453,-0.051294,-10760,13028,12500,10472,209,385
3194, 605,-6.46116,7.90443,7.51125,6.29333,-0.0114579,-0.0355727,-10780,13188,12532,10500,86,267
3195, 606,-6.36046,7.87086,7.75339,6.18545,0.0147887,-0.00666156,-10612,13132,12936,10320,-111,50
3196, 606,-6.41081,7.8349,7.61434,6.26936,0.0399694,0.0151884,-10696,13072,12704,10460,-300,-114
3197, 607,-6.48034,7.8349,7.48487,6.30772,0.0551577,0.0275789,-10812,13072,12488,10524,-414,-207
3198, 607,-6.53068,7.72222,7.39856,6.35807,0.0654165,0.0450322,-10896,12884,12344,10608,-491,-338
3199, 607,-6.63377,7.70064,7.46569,6.41321,0.0746095,0.0479632,-11068,12848,12456,10700,-560,-360
3200, 606,-6.68172,7.68146,7.41774,6.45396,0.0746095,0.0483629,-11148,12816,12376,10768,-560,-363
3201, 610,-6.77283,7.6455,7.32904,6.47794,0.0775406,0.0492956,-11300,12756,12228,10808,-582,-370
3202, 608,-6.83037,7.54241,7.23793,6.6074,0.0683476,0.0403691,-11396,12584,12076,11024,-513,-303
3203, 611,-6.75844,7.59036,7.35541,6.46595,0.0630184,0.0361057,-11276,12664,12272,10788,-473,-271
3204, 608,-6.81119,7.57118,7.29787,6.53068,0.057023,0.0354395,-11364,12632,12176,10896,-428,-266
3205, 609,-6.61459,7.6503,7.52563,6.4228,0.0624855,0.0359724,-11036,12764,12556,10716,-469,-270
3206, 608,-6.64336,7.67188,7.37219,6.48273,0.0676815,0.042634,-11084,12800,12300,10816,-508,-320
3207, 610,-6.67693,7.69345,7.41535,6.46116,0.0739433,0.053026,-11140,12836,12372,10780,-555,-398
3208, 610,-6.80639,7.57837,7.31226,6.58583,0.0740766,0.0483629,-11356,12644,12200,10988,-556,-363
3209, 612,-6.72488,7.63591,7.32424,6.48273,0.0764747,0.0492956,-11220,12740,12220,10816,-574,-370
3210, 612,-6.74166,7.63831,7.32904,6.5187,0.0744763,0.0546248,-11248,12744,12228,10876,-559,-410
3211, 610,-6.76803,7.58077,7.3626,6.52829,0.0804717,0.0531593,-11292,12648,12284,10892,-604,-399
3212, 613,-6.74646,7.61434,7.32185,6.54747,0.0771409,0.0556907,-11256,12704,12216,10924,-579,-418
3213, 616,-6.74406,7.552,7.31945,6.49952,0.0834028,0.0588882,-11252,12600,12212,10844,-626,-442
3214, 615,-6.83276,7.54721,7.22595,6.56425,0.083536,0.0528928,-11400,12592,12056,10952,-627,-397
3215, 616,-6.74166,7.60954,7.29787,6.54747,0.0828698,0.0532925,-11248,12696,12176,10924,-622,-400
3216, 618,-6.83276,7.55919,7.16122,6.65535,0.0779403,0.0482297,-11400,12612,11948,11104,-585,-362
3217, 618,-6.88551,7.49926,7.22595,6.58583,0.0740766,0.044366,-11488,12512,12056,10988,-556,-333
3218, 618,-6.9838,7.42014,7.13724,6.72008,0.0650168,0.0335743,-11652,12380,11908,11212,-488,-252
3219, 617,-6.95264,7.4633,7.09409,6.67453,0.0431669,0.0170536,-11600,12452,11836,11136,-324,-128
3220, 618,-6.96942,7.48008,7.1804,6.69851,0.0355727,0.00546248,-11628,12480,11980,11176,-267,-41
3221, 618,-7.09648,7.34103,6.95024,6.74406,0.0171868,-0.0139893,-11840,12248,11596,11252,-129,105
3222, 620,-6.93346,7.45371,7.17081,6.63617,-0.000799387,-0.0257136,-11568,12436,11964,11072,6,193
3223, 620,-7.02696,7.31465,6.9862,6.77043,-0.0146554,-0.0427672,-11724,12204,11656,11296,110,321
3224, 618,-7.03895,7.40576,6.95983,6.83756,-0.0343737,-0.0668821,-11744,12356,11612,11408,258,502
3225, 617,-7.29547,7.21636,6.84475,6.92147,-0.0650168,-0.0975253,-12172,12040,11420,11548,488,732
3226, 616,-7.29308,7.18519,6.7968,7.01977,-0.107118,-0.144289,-12168,11988,11340,11712,804,1083
3227, 616,-7.30746,7.15402,6.75844,7.05573,-0.152417,-0.191853,-12192,11936,11276,11772,1144,1440
3228, 616,-7.12765,7.2691,6.82317,6.73926,-0.188389,-0.220897,-11892,12128,11384,11244,1414,1658
3229, 611,-7.12525,7.30986,7.0845,6.76563,-0.216634,-0.247544,-11888,12196,11820,11288,1626,1858
3230, 608,-6.73926,7.51604,7.29547,6.64816,-0.23089,-0.262998,-11244,12540,12172,11092,1733,1974
3231, 608,-6.47314,7.84209,7.552,6.24299,-0.228358,-0.257536,-10800,13084,12600,10416,1714,1933
3232, 609,-6.37725,7.86127,7.82771,6.19264,-0.216767,-0.238484,-10640,13116,13060,10332,1627,1790
3233, 602,-6.33409,7.91402,7.68386,6.09914,-0.191453,-0.2173,-10568,13204,12820,10176,1437,1631
3234, 600,-6.02482,8.13219,8.2113,5.77548,-0.156014,-0.176132,-10052,13568,13700,9636,1171,1322
3235, 601,-5.89775,8.29042,8.19932,5.91693,-0.110715,-0.125371,-9840,13832,13680,9872,831,941
3236, 601,-5.92413,8.23288,8.1178,5.91214,-0.0548913,-0.0750092,-9884,13736,13544,9864,412,563
3237, 597,-6.02722,8.19932,7.91881,6.03201,-0.00826034,-0.0266462,-10056,13680,13212,10064,62,200
3238, 598,-5.92892,8.39831,8.28562,5.95769,0.0399694,0.0223828,-9892,14012,13824,9940,-300,-168
3239, 598,-5.857,8.17055,7.95717,6.08236,0.0854012,0.0676815,-9772,13632,13276,10148,-641,-508
3240, 598,-6.35087,8.07465,7.98354,5.84501,0.126969,0.112047,-10596,13472,13320,9752,-953,-841
3241, 603,-6.08715,8.0243,7.80853,6.07277,0.166273,0.146821,-10156,13388,13028,10132,-1248,-1102
3242, 602,-6.21901,7.86607,7.71263,6.37005,0.195983,0.172668,-10376,13124,12868,10628,-1471,-1296
3243, 603,-6.53308,7.88045,7.66229,6.08955,0.222496,0.202378,-10900,13148,12784,10160,-1670,-1519
3244, 602,-6.08715,8.06746,7.65749,6.33889,0.247144,0.223162,-10156,13460,12776,10576,-1855,-1675
3245, 608,-6.71049,7.52563,7.63591,6.08715,0.263531,0.250208,-11196,12556,12740,10156,-1978,-1878
3246, 609,-6.35087,7.80374,7.66229,6.25737,0.284449,0.262332,-10596,13020,12784,10440,-2135,-1969
3247, 611,-6.78961,7.41535,7.30267,6.19504,0.292443,0.272325,-11328,12372,12184,10336,-2195,-2044
3248, 610,-6.54267,7.69825,7.45371,6.56904,0.303368,0.27792,-10916,12844,12436,10960,-2277,-2086
3249, 617,-6.83276,7.30267,7.26191,6.65295,0.311894,0.293109,-11400,12184,12116,11100,-2341,-2200
3250, 618,-6.65056,7.80374,7.26431,6.54986,0.318423,0.293375,-11096,13020,12120,10928,-2390,-2202
3251, 620,-6.81119,7.44412,7.14683,6.66974,0.321487,0.304966,-11364,12420,11924,11128,-2413,-2289
3252, 623,-6.46835,7.87086,7.2739,6.42999,0.333211,0.309496,-10792,13132,12136,10728,-2501,-2323
3253, 631,-6.95983,7.36979,7.01257,6.66974,0.337741,0.315625,-11612,12296,11700,11128,-2535,-2369
3254, 634,-7.11566,7.31945,7.12525,6.66015,0.336675,0.314026,-11872,12212,11888,11112,-2527,-2357
3255, 636,-7.04614,7.39856,6.86873,7.07011,0.331613,0.304966,-11756,12344,11460,11796,-2489,-2289
3256, 635,-6.95264,7.33863,7.29547,6.56665,0.320288,0.298305,-11600,12244,12172,10956,-2404,-2239
3257, 637,-6.93585,7.52563,6.92866,6.85194,0.316158,0.294708,-11572,12556,11560,11432,-2373,-2212
3258, 645,-7.12525,7.33144,7.21636,6.47794,0.320155,0.298305,-11888,12232,12040,10808,-2403,-2239
3259, 645,-7.05813,6.9838,6.39643,7.4561,0.314559,0.287247,-11776,11652,10672,12440,-2361,-2156
3260, 649,-7.25951,7.55919,7.56878,6.54507,0.307764,0.281651,-12112,12612,12628,10920,-2310,-2114
3261, 655,-7.09648,7.11327,6.55226,7.32904,0.295907,0.272591,-11840,11868,10932,12228,-2221,-2046
3262, 658,-7.42254,7.11327,7.06292,6.80639,0.286314,0.259934,-12384,11868,11784,11356,-2149,-1951
3263, 657,-7.23554,6.84475,6.40122,7.05573,0.266196,0.241015,-12072,11420,10680,11772,-1998,-1809
3264, 660,-7.13005,7.0845,7.09409,6.94065,0.250075,0.221697,-11896,11820,11836,11580,-1877,-1664
3265, 661,-7.37459,7.2715,6.48034,7.01257,0.239017,0.209839,-12304,12132,10812,11700,-1794,-1575
3266, 664,-7.2667,7.27629,6.75604,7.24992,0.223695,0.198115,-12124,12140,11272,12096,-1679,-1487
3267, 664,-7.53042,6.90708,6.7057,7.00778,0.203977,0.178397,-12564,11524,11188,11692,-1531,-1339
3268, 665,-7.35301,7.03415,6.53308,7.23793,0.183992,0.152017,-12268,11736,10900,12076,-1381,-1141
3269, 667,-7.76777,6.86153,6.75604,7.12046,0.154282,0.123905,-12960,11448,11272,11880,-1158,-930
3270, 668,-7.50885,7.02456,6.25498,7.4585,0.117377,0.088732,-12528,11720,10436,12444,-881,-666
3271, 671,-8.08184,6.59781,6.29813,7.36021,0.069147,0.0367718,-13484,11008,10508,12280,-519,-276
3272, 668,-7.94758,6.69851,5.97208,7.7414,0.0134564,-0.0289112,-13260,11176,9964,12916,-101,217
3273, 668,-8.31439,6.41561,6.2334,7.60954,-0.0606202,-0.0955268,-13872,10704,10400,12696,455,717
3274, 667,-7.99313,6.69611,5.90974,7.63352,-0.122706,-0.166273,-13336,11172,9860,12736,921,1248
3275, 671,-8.19692,6.47314,6.07037,7.59276,-0.194784,-0.236086,-13676,10800,10128,12668,1462,1772
3276, 670,-7.9356,6.60021,6.11113,7.72702,-0.262599,-0.302835,-13240,11012,10196,12892,1971,2273
3277, 664,-7.9356,6.73447,6.25258,7.41774,-0.317623,-0.359325,-13240,11236,10432,12376,2384,2697
3278, 662,-7.47768,6.96462,6.6098,7.21156,-0.361323,-0.393698,-12476,11620,11028,12032,2712,2955
3279, 661,-7.26431,7.2667,7.03175,6.78721,-0.375845,-0.402492,-12120,12124,11732,11324,2821,3021
3280, 655,-7.10368,7.28109,7.05573,6.78002,-0.369051,-0.398894,-11852,12148,11772,11312,2770,2994
3281, 655,-6.62179,7.59036,7.60475,6.41321,-0.35293,-0.376778,-11048,12664,12688,10700,2649,2828
3282, 652,-6.37725,7.85168,7.29308,6.57624,-0.321354,-0.347867,-10640,13100,12168,10972,2412,2611
3283, 649,-6.63857,7.56399,7.44651,6.23819,-0.286447,-0.308031,-11076,12620,12424,10408,2150,2312
3284, 652,-6.31731,7.96437,7.92601,6.02002,-0.242747,-0.259668,-10540,13288,13224,10044,1822,1949
3285, 639,-6.31731,7.81093,7.42973,6.69611,-0.203178,-0.224495,-10540,13032,12396,11172,1525,1685
3286, 639,-6.39163,7.85888,8.16815,5.99845,-0.160943,-0.179462,-10664,13112,13628,10008,1208,1347
3287, 638,-6.12312,7.9284,7.47528,6.54267,-0.115112,-0.133764,-10216,13228,12472,10916,864,1004
3288, 638,-6.46835,7.9284,7.79175,6.17346,-0.0715452,-0.0885988,-10792,13228,13000,10300,537,665
3289, 637,-6.43718,7.65989,7.43453,6.52109,-0.0366386,-0.0539587,-10740,12780,12404,10880,275,405
3290, 635,-6.48034,7.74859,7.7414,6.38444,-0.00106585,-0.0229158,-10812,12928,12916,10652,8,172
3291, 633,-6.71529,7.73421,7.59516,6.34848,0.0289112,0.00905972,-11204,12904,12672,10592,-217,-68
3292, 631,-6.62898,7.76058,7.47768,6.37245,0.0600873,0.0397029,-11060,12948,12476,10632,-451,-298
3293, 636,-6.53068,7.77497,7.53042,6.33889,0.0871332,0.069147,-10896,12972,12564,10576,-654,-519
3294, 637,-6.53788,7.60954,7.21636,6.61699,0.110315,0.0879326,-10908,12696,12040,11040,-828,-660
3295, 637,-6.94784,7.39856,7.32904,6.33169,0.128302,0.105386,-11592,12344,12228,10564,-963,-791
3296, 637,-6.43958,7.64311,7.20917,6.94065,0.142158,0.114712,-10744,12752,12028,11580,-1067,-861
3297, 1086,-2.40945,4.30344,5.74911,2.98004,4.36572,4.36572,-4020,7180,9592,4972,-32768,-32768
3298, 1123,-4.23631,2.22245,3.14307,3.98458,4.36572,4.36572,-7068,3708,5244,6648,-32768,-32768
3299, 1128,-4.74458,0.227759,1.76693,4.45928,4.36572,4.36572,-7916,380,2948,7440,-32768,-32768
3300, 1133,-5.43265,-0.640122,0.14145,4.98432,4.36572,4.36572,-9064,-1068,236,8316,-32768,-32768
3301, 1291,-7.7462,-2.75948,-3.22698,7.64311,4.36572,4.36572,-12924,-4604,-5384,12752,-32768,-32768
3302, 1330,-14.1139,-7.75579,-9.70732,13.6368,4.36572,4.36572,-23548,-12940,-16196,22752,-32768,-32768
3303, 1336,-19.64,-18.6403,-19.64,19.6394,3.53622,2.44453,-32768,-31100,-32768,32767,-26542,-18348
3304, 1340,-19.64,-19.64,-19.64,19.6394,-1.99074,-2.23535,-32768,-32768,-32768,32767,14942,16778
3305, 1379,-10.3954,-3.15026,-5.7611,11.1818,-2.25574,-2.42081,-17344,-5256,-9612,18656,16931,18170
3306, 1363,-9.46997,0.788765,4.23631,6.88311,-2.1377,-2.13943,-15800,1316,7068,11484,16045,16058
3307, 1364,-1.7957,7.24513,5.44703,6.52829,-1.86497,-1.79529,-2996,12088,9088,10892,13998,13475
3308, 1357,-8.08903,4.30344,8.29761,2.60364,-1.3054,-1.23452,-13496,7180,13844,4344,9798,9266
3309, 1311,-2.10018,4.27707,5.34394,5.4806,-0.917031,-0.831629,-3504,7136,8916,9144,6883,6242
3310, 1303,-4.34899,7.23554,9.27338,4.76615,-0.312294,-0.264597,-7256,12072,15472,7952,2344,1986
3311, 1303,-4.89562,3.88868,5.42545,4.35858,0.0754089,0.149352,-8168,6488,9052,7272,-566,-1121
3312, 1302,-2.95127,6.74885,5.4782,6.78002,0.532658,0.580755,-4924,11260,9140,11312,-3998,-4359
3313, 1310,-6.38204,4.55278,7.61673,4.90041,0.97472,1.05159,-10648,7596,12708,8176,-7316,-7893
3314, 1316,-5.31277,2.59885,1.82447,7.56878,1.26303,1.27915,-8864,4336,3044,12628,-9480,-9601
3315, 1317,-7.03655,3.41878,4.30104,7.17081,1.51031,1.55587,-11740,5704,7176,11964,-11336,-11678
3316, 1321,-10.0502,-0.546621,-0.484287,8.98329,1.62156,1.60743,-16768,-912,-808,14988,-12171,-12065
3317, 1360,-11.0595,-0.949395,-2.88654,12.5963,1.54308,1.48393,-18452,-1584,-4816,21016,-11582,-11138
3318, 1371,-16.6408,-4.19556,-6.02722,14.567,1.17896,1.05,-27764,-7000,-10056,24304,-8849,-7881
3319, 1375,-19.64,-7.82052,-11.7092,18.6091,0.462179,0.253939,-32768,-13048,-19536,31048,-3469,-1906
3320, 1377,-19.64,-5.96968,-7.33383,15.9647,-0.329214,-0.465243,-32768,-9960,-12236,26636,2471,3492
3321, 1382,-14.5046,-1.9827,-2.70434,12.3206,-0.693202,-0.764081,-24200,-3308,-4512,20556,5203,5735
3322, 1376,-9.94946,0.306875,0.0503467,9.15351,-0.799254,-0.819239,-16600,512,84,15272,5999,6149
3323, 1377,-8.25686,2.02106,2.77146,7.78456,-0.680945,-0.663225,-13776,3372,4624,12988,5111,4978
3324, 1377,-6.54986,3.07115,3.402,7.52323,-0.433268,-0.408887,-10928,5124,5676,12552,3252,3069
3325, 1356,-6.78481,3.15746,3.84553,6.96223,-0.164541,-0.133631,-11320,5268,6416,11616,1235,1003
3326, 1355,-6.80879,3.08553,3.50749,7.57358,0.100057,0.12657,-11360,5148,5852,12636,-751,-950
3327, 1355,-7.67907,2.47658,2.40945,8.39831,0.290711,0.286847,-12812,4132,4020,14012,-2182,-2153
3328, 1357,-9.23022,1.68781,1.62788,9.1631,0.393698,0.389302,-15400,2816,2716,15288,-2955,-2922
3329, 1367,-10.3834,0.374004,-0.299683,10.3211,0.435799,0.402625,-17324,624,-500,17220,-3271,-3022
3330, 1369,-11.7308,-0.618545,-1.71418,11.0787,0.334011,0.276855,-19572,-1032,-2860,18484,-2507,-2078
3331, 1368,-12.45,-1.0357,-1.84604,11.5558,0.171868,0.115378,-20772,-1728,-3080,19280,-1290,-866
3332, 1370,-12.4908,-1.00214,-1.97791,11.5677,0.00812711,-0.0499617,-20840,-1672,-3300,19300,-61,375
3333, 1374,-11.7404,-0.606558,-1.24668,10.8317,-0.118975,-0.163874,-19588,-1012,-2080,18072,893,1230
3334, 1370,-10.6543,0.163027,-0.158232,10.0981,-0.170669,-0.201446,-17776,272,-264,16848,1281,1512
3335, 1371,-9.78164,0.752803,0.819932,9.37167,-0.162409,-0.178663,-16320,1256,1368,15636,1219,1341
3336, 1372,-9.19666,1.4193,1.39772,9.09597,-0.0884655,-0.0920628,-15344,2368,2332,15176,664,691
3337, 1367,-9.01925,1.50561,1.29942,9.07199,0.00905972,-0.00133231,-15048,2512,2168,15136,-68,10
3338, 1368,-9.41003,1.05728,0.875073,9.22303,0.0695467,0.0546248,-15700,1764,1460,15388,-522,-410
3339, 1366,-9.8224,1.01173,0.59457,9.69293,0.113113,0.0920628,-16388,1688,992,16172,-849,-691
3340, 1370,-10.2444,0.561006,-0.0431543,10.1988,0.123372,0.0927289,-17092,936,-72,17016,-926,-696
3341, 1371,-10.906,0.119873,-0.388389,10.393,0.0850015,0.0430337,-18196,200,-648,17340,-638,-323
3342, 1372,-10.9996,-0.0839111,-0.637725,10.4769,0.0261133,-0.0135896,-18352,-140,-1064,17480,-196,102
3343, 1373,-10.8365,0.0671289,-0.395581,10.3067,-0.0273124,-0.062219,-18080,112,-660,17196,205,467
3344, 1371,-10.4505,0.474697,0.201387,10.007,-0.0470306,-0.0730107,-17436,792,336,16696,353,548
3345, 1369,-10.1652,0.60416,0.290093,9.71211,-0.0386371,-0.0599541,-16960,1008,484,16204,290,450
3346, 1369,-9.90391,0.733623,0.445928,9.61861,-0.0241149,-0.0434334,-16524,1224,744,16048,181,326
3347, 1368,-9.78883,0.956587,0.726431,9.67615,0.014389,-0.00519602,-16332,1596,1212,16144,-108,39
3348, 1370,-9.93028,0.810342,0.534634,9.70492,0.0462312,0.0235819,-16568,1352,892,16192,-347,-177
3349, 1370,-10.1724,0.59457,0.201387,9.85596,0.0492956,0.0222496,-16972,992,336,16444,-370,-167
3350, 1371,-10.3858,0.486685,-0.0167822,10.0573,0.0395697,0.0114579,-17328,812,-28,16780,-297,-86
3351, 1371,-10.5249,0.44353,0.0791162,10.0717,0.0219832,-0.0042634,-17560,740,132,16804,-165,32
3352, 1369,-10.4577,0.388389,-0.0455518,10.0118,0.0125237,-0.0175865,-17448,648,-76,16704,-94,132
3353, 1370,-10.3954,0.448325,-0.13186,9.90391,0.000799387,-0.0281118,-17344,748,-220,16524,-6,211
3354, 1374,-10.2611,0.515454,0.146245,9.88233,-0.00612864,-0.0285115,-17120,860,244,16488,46,214
3355, 1371,-10.0813,0.685674,0.381196,9.78164,0.00732772,-0.0179862,-16820,1144,636,16320,-55,135
3356, 1370,-10.0957,0.652109,0.328452,9.79123,0.0198515,-0.00759418,-16844,1088,548,16336,-149,57
3357, 1370,-10.1197,0.64252,0.251733,9.8224,0.0225161,-0.00519602,-16884,1072,420,16388,-169,39
3358, 1367,-10.2348,0.61375,0.323657,9.92789,0.0267795,-0.000799387,-17076,1024,540,16564,-201,6
3359, 1367,-10.2635,0.570596,0.110283,9.92789,0.0262466,-0.000666156,-17124,952,184,16564,-197,5
3360, 1369,-10.3187,0.498672,0.0695264,10.0358,0.0214502,-0.00626187,-17216,832,116,16744,-161,47
3361, 1371,-10.3738,0.46271,0.0359619,9.99022,0.0127902,-0.0170536,-17308,772,60,16668,-96,128
3362, 1368,-10.3139,0.479492,0.172617,9.87274,0.00546248,-0.0203844,-17208,800,288,16472,-41,153
3363, 1371,-10.1892,0.563403,0.278105,9.88953,0.00706126,-0.0147887,-17000,940,464,16500,-53,111
3364, 1371,-10.2084,0.515454,0.182207,9.86795,0.010925,-0.0118576,-17032,860,304,16464,-82,89
3365, 1370,-10.23,0.561006,0.263721,9.83918,0.0137228,-0.0115911,-17068,936,440,16416,-103,87
3366, 1370,-10.2228,0.59457,0.143848,9.89192,0.0158545,-0.0117243,-17056,992,240,16504,-119,88
3367, 1372,-10.2611,0.565801,0.177412,9.93268,0.0182527,-0.0102588,-17120,944,296,16572,-137,77
3368, 1370,-10.2731,0.546621,0.122271,9.9183,0.0193185,-0.0101256,-17140,912,204,16548,-145,76
3369, 1373,-10.2611,0.496274,0.107886,9.90871,0.014389,-0.0107917,-17120,828,180,16532,-108,81
3370, 1373,-10.2779,0.525044,0.143848,9.93987,0.0171868,-0.00905972,-17148,876,240,16584,-129,68
3371, 1371,-10.2324,0.525044,0.0911035,9.88713,0.0202511,-0.0122573,-17072,876,152,16496,-152,92
3372, 1372,-10.2252,0.527441,0.124668,9.84397,0.014389,-0.0117243,-17060,880,208,16424,-108,88
3373, 1371,-10.2707,0.563403,0.155835,9.95186,0.010392,-0.0133231,-17136,940,260,16604,-78,100
3374, 1369,-10.3187,0.630532,0.258926,9.88473,0.0111914,-0.0146554,-17216,1052,432,16492,-84,110
3375, 1370,-10.2563,0.572993,0.155835,9.8224,0.0134564,-0.0122573,-17112,956,260,16388,-101,92
3376, 1373,-10.218,0.556211,0.127065,9.93748,0.0134564,-0.0117243,-17048,928,212,16580,-101,88
3377, 1373,-10.2707,0.606558,0.184604,9.86076,0.0146554,-0.0119908,-17136,1012,308,16452,-110,90
3378, 1367,-10.2563,0.635327,0.227759,9.95426,0.0170536,-0.010392,-17112,1060,380,16608,-128,78
3379, 1371,-10.2276,0.537031,0.103091,9.90871,0.0177198,-0.00413017,-17064,896,172,16532,-133,31
3380, 1373,-10.2923,0.577788,0.115078,9.89672,0.0189188,-0.0119908,-17172,964,192,16512,-142,90
3381, 1371,-10.3235,0.58498,0.153438,9.9111,0.0150551,-0.00985911,-17224,976,256,16536,-113,74
3382, 1371,-10.2156,0.563403,0.112681,9.89912,0.0169204,-0.0115911,-17044,940,188,16516,-127,87
3383, 1367,-10.206,0.515454,0.16063,9.92309,0.0158545,-0.0105253,-17028,860,268,16556,-119,79
3384, 1368,-10.2515,0.537031,0.175015,9.87514,0.0181194,-0.0133231,-17104,896,292,16476,-136,100
3385, 1370,-10.2252,0.592173,0.165425,9.87274,0.0139893,-0.0106585,-17060,988,276,16472,-105,80
3386, 1374,-10.218,0.525044,0.206182,9.86315,0.0155881,-0.0117243,-17048,876,344,16456,-117,88
3387, 1370,-10.2683,0.561006,0.0839111,9.92549,0.014389,-0.0117243,-17132,936,140,16560,-108,88
3388, 1371,-10.2324,0.558608,0.16063,9.84158,0.0118576,-0.014389,-17072,932,268,16420,-89,108
3389, 1372,-10.2324,0.60416,0.167822,9.90871,0.0137228,-0.0105253,-17072,1008,280,16532,-103,79
3390, 1371,-10.2252,0.62334,0.222964,9.87274,0.0142557,-0.014389,-17060,1040,372,16472,-107,108
3391, 1371,-10.2252,0.577788,0.201387,9.80801,0.0179862,-0.00999234,-17060,964,336,16364,-135,75
3392, 1371,-10.242,0.539429,0.290093,9.88953,0.0163874,-0.0102588,-17088,900,484,16500,-123,77
3393, 1372,-10.2611,0.551416,0.182207,9.93987,0.0162542,-0.00492956,-17120,920,304,16584,-122,37
3394, 1371,-10.3139,0.620942,0.222964,9.83199,0.0174533,-0.010925,-17208,1036,372,16404,-131,82
3395, 1371,-10.2683,0.48189,0.110283,9.89912,0.0165207,-0.00879326,-17132,804,184,16516,-124,66
3396, 1371,-10.2539,0.522646,0.184604,9.93028,0.0127902,-0.014389,-17108,872,308,16568,-96,108
3397, 1371,-10.2779,0.503467,0.105488,9.90871,0.0117243,-0.0135896,-17148,840,176,16532,-88,102
3398, 1374,-10.2444,0.520249,0.165425,9.88953,0.0122573,-0.0141225,-17092,868,276,16500,-92,106
3399, 1371,-10.182,0.563403,0.182207,9.93987,0.0117243,-0.0150551,-16988,940,304,16584,-88,113
3400, 1373,-10.2276,0.592173,0.254131,9.9159,0.0141225,-0.0131899,-17064,988,424,16544,-106,99
3401, 1372,-10.2563,0.563403,0.280503,9.89432,0.0130567,-0.0127902,-17112,940,468,16508,-98,96
3402, 1371,-10.1485,0.551416,0.16063,9.83678,0.0149219,-0.0117243,-16932,920,268,16412,-112,88
3403, 1371,-10.2803,0.63293,0.139053,9.85117,0.0147887,-0.00959265,-17152,1056,232,16436,-111,72
3404, 1371,-10.2036,0.589775,0.15104,9.84637,0.0158545,-0.00839357,-17024,984,252,16428,-119,63
3405, 1373,-10.2491,0.628135,0.163027,9.92789,0.0157213,-0.00866003,-17100,1048,272,16564,-118,65
3406, 1368,-10.218,0.561006,0.194194,9.88953,0.0162542,-0.0125237,-17048,936,324,16500,-122,94
3407, 1370,-10.23,0.558608,0.153438,9.96385,0.0175865,-0.010925,-17068,932,256,16624,-132,82
3408, 1371,-10.1892,0.575391,0.167822,9.90631,0.0139893,-0.0134564,-17000,960,280,16528,-105,101
3409, 1371,-10.2563,0.551416,0.139053,9.95426,0.0145222,-0.0111914,-17112,920,232,16608,-109,84
3410, 1371,-10.242,0.537031,0.0887061,9.93748,0.0149219,-0.0137228,-17088,896,148,16580,-112,103
3411, 1371,-10.2779,0.58498,0.16063,9.89432,0.0127902,-0.0113247,-17148,976,268,16508,-96,85
3412, 1372,-10.2276,0.587378,0.15104,9.92789,0.0117243,-0.0114579,-17064,980,252,16564,-88,86
3413, 1371,-10.2348,0.606558,0.189399,9.88473,0.014389,-0.0141225,-17076,1012,316,16492,-108,106
3414, 1370,-10.2587,0.608955,0.222964,9.94227,0.0127902,-0.0101256,-17116,1016,372,16588,-96,76
3415, 1370,-10.194,0.572993,0.15104,9.86555,0.0190521,-0.0105253,-17008,956,252,16460,-143,79
3416, 1374,-10.2084,0.58498,0.234951,9.87035,0.0182527,-0.0085268,-17032,976,392,16468,-137,64
3417, 1372,-10.1868,0.553813,0.191797,9.92069,0.0181194,-0.0106585,-16996,924,320,16552,-136,80
3418, 1372,-10.1988,0.572993,0.198989,9.90871,0.0125237,-0.0131899,-17016,956,332,16532,-94,99
3419, 1371,-10.2348,0.520249,0.191797,9.90151,0.0139893,-0.00945942,-17076,868,320,16520,-105,71
3420, 1375,-10.2467,0.611353,0.213374,9.96385,0.0118576,-0.0130567,-17096,1020,356,16624,-89,98
3421, 1370,-10.2491,0.587378,0.182207,9.93748,0.0145222,-0.012124,-17100,980,304,16580,-109,91
3422, 1371,-10.3043,0.561006,0.163027,9.92789,0.0150551,-0.0115911,-17192,936,272,16564,-113,87
3423, 1373,-10.2611,0.58498,0.16063,9.94707,0.0179862,-0.0115911,-17120,976,268,16596,-135,87
3424, 1368,-10.2635,0.551416,0.16063,9.92789,0.0145222,-0.0119908,-17124,920,268,16564,-109,90
3425, 1372,-10.2276,0.558608,0.14145,9.9159,0.0123905,-0.00972588,-17064,932,236,16544,-93,73
3426, 1372,-10.2348,0.558608,0.148643,9.84877,0.0153216,-0.0111914,-17076,932,248,16432,-115,84
3427, 1371,-10.3067,0.587378,0.191797,9.94227,0.0134564,-0.0119908,-17196,980,320,16588,-101,90
3428, 1372,-10.2539,0.587378,0.184604,9.87514,0.0166539,-0.0134564,-17108,980,308,16476,-125,101
3429, 1371,-10.2372,0.630532,0.230156,9.89672,0.0145222,-0.010925,-17080,1052,384,16512,-109,82
3430, 1370,-10.1964,0.532236,0.232554,9.94467,0.0158545,-0.010925,-17012,888,388,16592,-119,82
3431, 1370,-10.2467,0.546621,0.194194,9.93748,0.0149219,-0.0115911,-17096,912,324,16580,-112,87
3432, 1371,-10.2731,0.575391,0.158232,9.93028,0.0142557,-0.0115911,-17140,960,264,16568,-107,87
3433, 1370,-10.2348,0.498672,0.201387,9.83438,0.0181194,-0.00772741,-17076,832,336,16408,-136,58
3434, 1367,-10.2827,0.520249,0.194194,9.98063,0.013856,-0.00999234,-17156,868,324,16652,-104,75
3435, 1373,-10.218,0.608955,0.206182,9.94467,0.0131899,-0.016121,-17048,1016,344,16592,-99,121
3436, 1371,-10.2779,0.60416,0.227759,9.95186,0.013856,-0.0135896,-17148,1008,380,16604,-104,102
3437, 1372,-10.2731,0.601763,0.237349,9.93508,0.0134564,-0.013856,-17140,1004,396,16576,-101,104
3438, 1372,-10.1676,0.520249,0.249336,9.94946,0.0162542,-0.0105253,-16964,868,416,16600,-122,79
3439, 1373,-10.1868,0.606558,0.187002,9.9183,0.0157213,-0.0125237,-16996,1012,312,16548,-118,94
3440, 1373,-10.2707,0.580186,0.239746,9.9183,0.0141225,-0.0106585,-17136,968,400,16548,-106,80
3441, 1371,-10.23,0.60416,0.146245,9.92549,0.0169204,-0.00972588,-17068,1008,244,16560,-127,73
3442, 1371,-10.2587,0.561006,0.119873,9.89192,0.0153216,-0.0110582,-17116,936,200,16504,-115,83
3443, 1372,-10.2372,0.503467,0.227759,9.94227,0.0197182,-0.012657,-17080,840,380,16588,-148,95
3444, 1371,-10.2755,0.508262,0.093501,9.90631,0.016121,-0.0134564,-17144,848,156,16528,-121,101
3445, 1372,-10.2348,0.553813,0.187002,9.89912,0.0125237,-0.0119908,-17076,924,312,16516,-94,90
3446, 1370,-10.2204,0.572993,0.208579,9.86076,0.0131899,-0.00905972,-17052,956,348,16452,-99,68
3447, 1371,-10.2635,0.572993,0.218169,9.86076,0.0137228,-0.0115911,-17124,956,364,16452,-103,87
3448, 1371,-10.2396,0.520249,0.153438,9.85356,0.0125237,-0.0117243,-17084,868,256,16440,-94,88
3449, 1371,-10.2755,0.565801,0.220566,9.90871,0.0162542,-0.0105253,-17144,944,368,16532,-122,79
3450, 1371,-10.2635,0.527441,0.143848,9.87035,0.0129234,-0.0134564,-17124,880,240,16468,-97,101
3451, 1370,-10.2515,0.575391,0.220566,9.88473,0.0163874,-0.0119908,-17104,960,368,16492,-123,90
3452, 1370,-10.2108,0.582583,0.172617,9.93987,0.0157213,-0.00972588,-17036,972,288,16584,-118,73
3453, 1372,-10.2467,0.508262,0.177412,9.87994,0.0177198,-0.0134564,-17096,848,296,16484,-133,101
3454, 1372,-10.2611,0.589775,0.139053,9.95905,0.013856,-0.00905972,-17120,984,232,16616,-104,68
3455, 1373,-10.1964,0.508262,0.139053,9.93508,0.0162542,-0.0141225,-17012,848,232,16576,-122,106
3456, 1372,-10.2252,0.580186,0.187002,9.93028,0.0130567,-0.0146554,-17060,968,312,16568,-98,110
3457, 1372,-10.2491,0.551416,0.347632,9.79842,0.016121,-0.0102588,-17100,920,580,16348,-121,77
3458, 1371,-9.96864,0.815137,0.419556,9.6306,0.0302435,0.0110582,-16632,1360,700,16068,-227,-83
3459, 1372,-9.82719,0.822329,0.587378,9.56107,0.0595544,0.042634,-16396,1372,980,15952,-447,-320
3460, 1368,-9.90391,0.731226,0.29249,9.82719,0.0856677,0.0603538,-16524,1220,488,16396,-643,-453
3461, 1374,-10.3043,0.568198,0.163027,9.96385,0.090464,0.0618193,-17192,948,272,16624,-679,-464
3462, 1374,-10.6543,0.201387,-0.400376,10.2491,0.0670153,0.0315758,-17776,336,-668,17100,-503,-237
3463, 1374,-10.9037,0.0383594,-0.541826,10.4913,0.016121,-0.0223828,-18192,64,-904,17504,-121,168
3464, 1374,-10.6927,0.136655,-0.203784,10.0669,-0.0274456,-0.0580888,-17840,228,-340,16796,206,436
3465, 1372,-9.87994,0.810342,0.60416,9.5323,-0.0198515,-0.0422343,-16484,1352,1008,15904,149,317
3466, 1374,-9.57066,1.0405,0.786367,9.44839,0.028245,0.0105253,-15968,1736,1312,15764,-212,-79
3467, 1373,-10.1485,0.558608,0.0527441,10.0693,0.0516937,0.0198515,-16932,932,88,16800,-388,-149
3468, 1375,-10.9228,0.0479492,-0.678481,10.5776,0.0122573,-0.0266462,-18224,80,-1132,17648,-92,200
3469, 1375,-11.2201,-0.0887061,-0.692866,10.5392,-0.0571562,-0.0957933,-18720,-148,-1156,17584,429,719
3470, 1374,-10.8245,0.119873,-0.306875,10.2707,-0.106185,-0.140426,-18060,200,-512,17136,797,1054
3471, 1372,-10.4002,0.460313,0.00958984,9.99022,-0.130167,-0.156413,-17352,768,16,16668,977,1174
3472, 1373,-10.3211,0.582583,0.143848,9.95186,-0.130034,-0.159877,-17220,972,240,16604,976,1200
3473, 1368,-10.4314,0.345234,-0.110283,10.1532,-0.14309,-0.176265,-17404,576,-184,16940,1074,1323
3474, 1367,-10.7047,0.227759,-0.297285,10.3906,-0.176931,-0.216634,-17860,380,-496,17336,1328,1626
3475, 1365,-10.8485,0.184604,-0.232554,10.2635,-0.228758,-0.26473,-18100,308,-388,17124,1717,1987
3476, 1368,-10.7286,0.335645,-0.314067,10.3259,-0.268861,-0.308164,-17900,560,-524,17228,2018,2313
3477, 1357,-10.8629,0.249336,-0.350029,10.4409,-0.311095,-0.358392,-18124,416,-584,17420,2335,2690
3478, 1355,-11.1218,0.110283,-0.647314,10.6375,-0.376911,-0.422876,-18556,184,-1080,17748,2829,3174
3479, 1357,-11.515,-0.215771,-1.0405,10.9756,-0.463511,-0.523466,-19212,-360,-1736,18312,3479,3929
3480, 1354,-11.7619,-0.371606,-1.17476,11.0043,-0.583686,-0.639243,-19624,-620,-1960,18360,4381,4798
3481, 1339,-11.7188,-0.340439,-1.14838,11.0259,-0.70426,-0.755821,-19552,-568,-1916,18396,5286,5673
3482, 1334,-11.8219,-0.33085,-1.23949,11.1458,-0.820704,-0.883989,-19724,-552,-2068,18596,6160,6635
3483, 1334,-12.0185,-0.438735,-1.24428,11.1098,-0.958466,-1.02588,-20052,-732,-2076,18536,7194,7700
3484, 1334,-12.1863,-0.498672,-1.508,11.364,-1.11155,-1.18309,-20332,-832,-2516,18960,8343,8880
3485, 1305,-12.4308,-0.635327,-1.63027,11.4862,-1.29154,-1.36802,-20740,-1060,-2720,19164,9694,10268
3486, 1295,-12.5339,-0.721636,-1.62308,11.4695,-1.48553,-1.5716,-20912,-1204,-2708,19136,11150,11796
3487, 1290,-12.2247,-0.395581,-1.31621,11.1362,-1.67099,-1.74573,-20396,-660,-2196,18580,12542,13103
3488, 1291,-11.6565,-0.0407568,-0.630532,10.6567,-1.82234,-1.89575,-19448,-68,-1052,17780,13678,14229
3489, 1235,-11.3712,0.261323,-0.362017,10.3834,-1.95104,-2.02005,-18972,436,-604,17324,14644,15162
3490, 1222,-11.1866,0.395581,-0.115078,10.3642,-2.07028,-2.14063,-18664,660,-192,17292,15539,16067
3491, 1219,-11.4263,0.376401,-0.297285,10.4529,-2.20631,-2.27985,-19064,628,-496,17440,16560,17112
3492, 1218,-11.4143,0.402773,-0.2829,10.3498,-2.34833,-2.43094,-19044,672,-472,17268,17626,18246
3493, 1154,-11.2369,0.48189,-0.031167,10.1485,-2.50222,-2.58602,-18748,804,-52,16932,18781,19410
3494, 1134,-10.9588,0.831919,0.280503,9.95666,-2.64571,-2.72658,-18284,1388,468,16612,19858,20465
3495, 1131,-10.7358,1.02851,0.4723,9.67136,-2.78174,-2.86034,-17912,1716,788,16136,20879,21469
3496, 1125,-10.4122,1.37614,0.846304,9.36928,-2.90497,-2.97652,-17372,2296,1412,15632,21804,22341
3497, 1045,-9.98782,1.64945,1.35457,8.79389,-3.00956,-3.08217,-16664,2752,2260,14672,22589,23134
3498, 1023,-9.40524,2.18648,2.03305,8.39111,-3.09057,-3.15572,-15692,3648,3392,14000,23197,23686
3499, 1018,-8.95212,2.62042,2.50535,7.96197,-3.14706,-3.21167,-14936,4372,4180,13284,23621,24106
3500, 1015,-8.53976,3.07354,3.05676,7.63112,-3.18702,-3.25177,-14248,5128,5100,12732,23921,24407
3501, 925,-8.10102,3.53865,3.62736,7.23314,-3.21007,-3.2659,-13516,5904,6052,12068,24094,24513
3502, 905,-8.06746,3.5866,3.60338,7.18279,-3.22286,-3.28122,-13460,5984,6012,11984,24190,24628
3503, 898,-7.12765,4.5312,4.723,6.50671,-3.21327,-3.26177,-11892,7560,7880,10856,24118,24482
3504, 893,-6.56665,5.01789,5.41347,5.88337,-3.16517,-3.20221,-10956,8372,9032,9816,23757,24035
3505, 806,-5.69637,5.96728,6.31491,5.51896,-3.06352,-3.0927,-9504,9956,10536,9208,22994,23213
3506, 782,-3.56023,7.81093,9.10316,3.67051,-2.86607,-2.86074,-5940,13032,15188,6124,21512,21472
3507, 779,-3.14067,8.39351,9.58984,3.3948,-2.58029,-2.56284,-5240,14004,16000,5664,19367,19236
3508, 774,-3.14067,8.71957,9.49155,3.88628,-2.27199,-2.25854,-5240,14548,15836,6484,17053,16952
3509, 704,-3.61297,8.83704,9.54429,3.95821,-1.9954,-1.98688,-6028,14744,15924,6604,14977,14913
3510, 689,-2.99443,9.45319,9.93508,4.27707,-1.73307,-1.73067,-4996,15772,16576,7136,13008,12990
3511, 689,-4.28906,8.75553,9.1559,4.69183,-1.51417,-1.51204,-7156,14608,15276,7828,11365,11349
3512, 684,-5.22886,7.91162,8.06266,5.72274,-1.36642,-1.38547,-8724,13200,13452,9548,10256,10399
3513, 642,-6.14709,7.68146,7.61434,5.96728,-1.30393,-1.33698,-10256,12816,12704,9956,9787,10035
3514, 632,-5.12577,8.41509,8.75553,5.36792,-1.22666,-1.24611,-8552,14040,14608,8956,9207,9353
3515, 629,-4.92438,8.58771,8.72436,4.95555,-1.11195,-1.11221,-8216,14328,14556,8268,8346,8348
3516, 630,-4.28906,9.41243,9.9135,4.19316,-0.928755,-0.927556,-7156,15704,16540,6996,6971,6962
3517, 597,-4.22672,9.17029,9.79603,4.36817,-0.747161,-0.735436,-7052,15300,16344,7288,5608,5520
3518, 593,-3.50029,9.62581,10.4721,4.0637,-0.535323,-0.516271,-5840,16060,17472,6780,4018,3875
3519, 591,-3.44275,9.94707,10.5656,3.83594,-0.307498,-0.285914,-5744,16596,17628,6400,2308,2146
3520, 590,-3.8719,9.49395,9.99022,4.54798,-0.0953936,-0.0826034,-6460,15840,16668,7588,716,620
3521, 581,-4.49044,8.88979,8.83464,5.10899,0.0628851,0.0623522,-7492,14832,14740,8524,-472,-468
3522, 584,-5.37511,8.51818,8.51818,5.61725,0.168404,0.158279,-8968,14212,14212,9372,-1264,-1188
3523, 584,-5.90255,8.16815,7.68866,6.36526,0.2173,0.201046,-9848,13628,12828,10620,-1631,-1509
3524, 583,-6.48753,7.82052,7.47049,6.18545,0.236752,0.216501,-10824,13048,12464,10320,-1777,-1625
3525, 590,-6.64336,8.03149,7.30506,6.82557,0.238351,0.211172,-11084,13400,12188,11388,-1789,-1585
3526, 591,-6.7968,7.69345,7.25232,6.72967,0.223429,0.198515,-11340,12836,12100,11228,-1677,-1490
3527, 592,-6.83996,7.80613,7.50885,6.46595,0.215968,0.187057,-11412,13024,12528,10788,-1621,-1404
3528, 593,-6.76084,7.90922,7.5544,6.47554,0.220364,0.194251,-11280,13196,12604,10804,-1654,-1458
3529, 599,-6.7009,7.75339,7.85888,6.09674,0.231956,0.210772,-11180,12936,13112,10172,-1741,-1582
3530, 598,-6.78002,7.55919,7.52563,5.97687,0.23915,0.218233,-11312,12612,12556,9972,-1795,-1638
3531, 599,-6.76324,8.0243,6.91907,6.63138,0.244613,0.220631,-11284,13388,11544,11064,-1836,-1656
3532, 601,-6.54986,7.88285,7.56399,6.64816,0.242614,0.217567,-10928,13152,12620,11092,-1821,-1633
3533, 608,-6.74406,7.05813,7.72702,6.84475,0.243413,0.215568,-11252,11776,12892,11420,-1827,-1618
3534, 612,-7.19478,7.42014,6.19744,7.39617,0.223695,0.188522,-12004,12380,10340,12340,-1679,-1415
3535, 608,-6.71769,7.00298,7.51364,6.02722,0.195717,0.160943,-11208,11684,12536,10056,-1469,-1208
3536, 609,-6.605,7.25472,6.47075,7.13484,0.168271,0.136695,-11020,12104,10796,11904,-1263,-1026
3537, 616,-7.07491,7.67188,7.91642,6.55945,0.158812,0.130966,-11804,12800,13208,10944,-1192,-983
3538, 616,-6.90229,7.65749,6.77043,7.25951,0.148686,0.117377,-11516,12776,11296,12112,-1116,-881
3539, 615,-6.94784,7.77736,7.53762,6.38684,0.147354,0.119775,-11592,12976,12576,10656,-1106,-899
3540, 616,-6.94544,7.62632,7.43453,6.39403,0.153349,0.132698,-11588,12724,12404,10668,-1151,-996
3541, 620,-6.77522,7.50405,7.90922,6.06318,0.175599,0.157879,-11304,12520,13196,10116,-1318,-1185
3542, 622,-6.49472,8.01471,7.07251,6.64576,0.199314,0.182394,-10836,13372,11800,11088,-1496,-1369
3543, 623,-6.27416,7.72702,7.53762,5.50697,0.227959,0.2169,-10468,12892,12576,9188,-1711,-1628
3544, 621,-5.99605,7.75339,6.8975,6.61939,0.256337,0.242481,-10004,12936,11508,11044,-1924,-1820
3545, 629,-6.93106,7.70064,7.65989,5.79466,0.285381,0.270459,-11564,12848,12780,9668,-2142,-2030
3546, 631,-6.73447,7.75818,6.57384,7.20437,0.290844,0.265796,-11236,12944,10968,12020,-2183,-1995
3547, 631,-7.48967,6.97421,7.25472,6.65775,0.281784,0.255804,-12496,11636,12104,11108,-2115,-1920
3548, 632,-6.64816,7.39617,6.83516,6.83996,0.272724,0.246345,-11092,12340,11404,11412,-2047,-1849
3549, 638,-6.72488,7.47289,7.42973,6.72488,0.267395,0.241282,-11220,12468,12396,11220,-2007,-1811
3550, 641,-7.0821,7.28109,6.91428,6.94544,0.264464,0.241282,-11816,12148,11536,11588,-1985,-1811
3551, 641,-7.52323,7.07491,7.16841,6.66734,0.269394,0.250342,-12552,11804,11960,11124,-2022,-1879
3552, 641,-6.72967,7.16361,6.54267,7.3674,0.267795,0.243813,-11228,11952,10916,12292,-2010,-1830
3553, 651,-7.14443,7.70304,7.06292,6.88071,0.273923,0.249409,-11920,12852,11784,11480,-2056,-1872
3554, 652,-6.7944,6.92147,7.25951,6.68652,0.276188,0.253273,-11336,11548,12112,11156,-2073,-1901
3555, 652,-6.8903,7.00059,7.38178,6.20463,0.289645,0.273257,-11496,11680,12316,10352,-2174,-2051
3556, 652,-6.63377,8.19452,7.49207,6.57624,0.318822,0.300836,-11068,13672,12500,10972,-2393,-2258
3557, 659,-6.418,7.70544,7.24992,6.25737,0.359858,0.35253,-10708,12856,12096,10440,-2701,-2646
3558, 656,-6.6122,7.72941,7.85168,6.64576,0.414882,0.403424,-11032,12896,13100,11088,-3114,-3028
3559, 662,-6.40841,7.8397,7.18999,6.09435,0.469107,0.458715,-10692,13080,11996,10168,-3521,-3443
3560, 664,-6.418,8.07705,7.89004,6.57624,0.522,0.506412,-10708,13476,13164,10972,-3918,-3801
3561, 676,-6.63377,7.45131,6.86153,6.93825,0.563435,0.551577,-11068,12432,11448,11576,-4229,-4140
3562, 682,-7.34822,7.03175,7.10607,6.93585,0.587417,0.57023,-12260,11732,11856,11572,-4409,-4280
3563, 683,-6.82317,6.85434,6.64097,7.13005,0.598208,0.581821,-11384,11436,11080,11896,-4490,-4367
3564, 682,-7.3674,6.58343,7.25232,6.19024,0.605403,0.591147,-12292,10984,12100,10328,-4544,-4437
3565, 699,-6.99579,6.84235,6.42759,7.40336,0.620724,0.60407,-11672,11416,10724,12352,-4659,-4534
3566, 708,-7.62632,6.58103,6.61699,6.8951,0.626453,0.606602,-12724,10980,11040,11504,-4702,-4553
3567, 705,-6.75125,6.20223,5.89775,7.67667,0.623123,0.59994,-11264,10348,9840,12808,-4677,-4503
3568, 706,-7.79894,6.75844,6.87352,6.67933,0.618326,0.601139,-13012,11276,11468,11144,-4641,-4512
3569, 724,-7.31945,6.38684,5.98886,7.43453,0.620325,0.600873,-12212,10656,9992,12404,-4656,-4510
3570, 727,-7.47289,6.86393,6.24539,7.739,0.615395,0.586884,-12468,11452,10420,12912,-4619,-4405
3571, 729,-7.52563,7.01737,5.92652,8.43187,0.59541,0.562236,-12556,11708,9888,14068,-4469,-4220
3572, 728,-7.90203,6.00324,6.76324,7.3626,0.578623,0.555974,-13184,10016,11284,12284,-4343,-4173
3573, 746,-8.26405,7.05573,6.03201,7.31705,0.572095,0.540519,-13788,11772,10064,12208,-4294,-4057
3574, 753,-8.06985,6.77762,6.15188,7.76538,0.550112,0.524398,-13464,11308,10264,12956,-4129,-3936
3575, 750,-8.6836,5.79706,6.62658,7.16122,0.520401,0.494021,-14488,9672,11056,11948,-3906,-3708
3576, 751,-8.24487,6.22381,5.20968,8.16815,0.488692,0.462046,-13756,10384,8692,13628,-3668,-3468
3577, 767,-8.58291,6.39163,6.58583,7.79654,0.46591,0.434334,-14320,10664,10988,13008,-3497,-3260
3578, 769,-8.75792,6.07517,5.18091,7.32424,0.434467,0.405156,-14612,10136,8644,12220,-3261,-3041
3579, 768,-8.66922,6.24059,5.54772,7.89484,0.401159,0.366119,-14464,10412,9256,13172,-3011,-2748
3580, 769,-8.37193,6.02722,5.98886,8.13938,0.353995,0.322553,-13968,10056,9992,13580,-2657,-2421
3581, 780,-7.78935,6.27416,4.74937,8.54455,0.321753,0.288046,-12996,10468,7924,14256,-2415,-2162
3582, 781,-9.99501,4.67984,4.95315,8.24007,0.285248,0.257003,-16676,7808,8264,13748,-2141,-1929
3583, 784,-7.33863,6.11113,5.58608,7.8373,0.257136,0.224495,-12244,10196,9320,13076,-1930,-1685
3584, 783,-8.08664,5.88337,5.89056,8.27843,0.227026,0.196916,-13492,9816,9828,13812,-1704,-1478
3585, 788,-8.71237,5.68917,5.79706,8.35515,0.206775,0.16947,-14536,9492,9672,13940,-1552,-1272
3586, 789,-8.50619,6.12072,5.43025,8.32638,0.172268,0.150152,-14192,10212,9060,13892,-1293,-1127
3587, 789,-8.49181,6.25018,5.0946,7.87806,0.152683,0.121507,-14168,10428,8500,13144,-1146,-912
3588, 788,-8.53496,6.07277,5.4806,8.06985,0.130966,0.101922,-14240,10132,9144,13464,-983,-765
3589, 794,-8.61887,6.10873,5.38949,8.58531,0.108583,0.0738101,-14380,10192,8992,14324,-815,-554
3590, 795,-8.15376,6.50671,4.98432,8.08664,0.0877994,0.0532925,-13604,10856,8316,13492,-659,-400
3591, 794,-8.48222,6.17586,5.72514,7.86367,0.0671485,0.0362389,-14152,10304,9552,13120,-504,-272
3592, 794,-8.11061,6.1375,5.01789,8.08664,0.0448989,0.0165207,-13532,10240,8372,13492,-337,-124
3593, 797,-8.51578,6.31491,5.96488,7.58796,0.026513,0.00133231,-14208,10536,9952,12660,-199,-10
3594, 795,-8.38632,6.19024,5.80665,8.14178,0.00826034,-0.0179862,-13992,10328,9688,13584,-62,135
3595, 798,-8.65244,5.90734,5.74911,7.99074,-0.0146554,-0.0423675,-14436,9856,9592,13332,110,318
3596, 795,-8.92095,6.01523,5.30558,8.08664,-0.0371715,-0.0634181,-14884,10036,8852,13492,279,476
3597, 794,-8.08424,6.17586,5.93132,8.06985,-0.0427672,-0.0696799,-13488,10304,9896,13464,321,523
3598, 798,-8.66442,5.91454,5.51656,8.11541,-0.0666156,-0.0957933,-14456,9868,9204,13540,500,719
3599, 794,-8.41749,5.90495,5.32236,8.20891,-0.0823369,-0.118975,-14044,9852,8880,13696,618,893
3600, 797,-8.44146,5.98886,5.81624,7.95478,-0.112714,-0.141758,-14084,9992,9704,13272,846,1064
3601, 790,-7.87806,6.08715,5.74432,8.08424,-0.114712,-0.148686,-13144,10156,9584,13488,861,1116
3602, 788,-8.29521,5.95769,5.67,7.85648,-0.134164,-0.159877,-13840,9940,9460,13108,1007,1200
3603, 790,-8.4079,5.97927,5.53813,8.06266,-0.150551,-0.179729,-14028,9976,9240,13452,1130,1349
3604, 788,-8.08664,5.99845,5.68198,8.00992,-0.158412,-0.191587,-13492,10008,9480,13364,1189,1438
3605, 780,-8.28802,6.12551,5.53094,8.06266,-0.175732,-0.208107,-13828,10220,9228,13452,1319,1562
3606, 785,-8.4031,6.14469,5.90734,7.81572,-0.186923,-0.221564,-14020,10252,9856,13040,1403,1663
3607, 782,-8.27364,6.16387,5.61725,8.17534,-0.206908,-0.236619,-13804,10284,9372,13640,1553,1776
3608, 780,-8.38392,6.26217,5.64842,8.09383,-0.225294,-0.260467,-13988,10448,9424,13504,1691,1955
3609, 776,-7.89484,6.11832,5.71315,8.19452,-0.250075,-0.281251,-13172,10208,9532,13672,1877,2111
3610, 778,-8.85622,5.58608,6.0464,7.45131,-0.273524,-0.303767,-14776,9320,10088,12432,2053,2280
3611, 774,-8.29761,5.88097,5.61725,8.17055,-0.29977,-0.332545,-13844,9812,9372,13632,2250,2496
3612, 773,-8.33597,6.1375,5.67479,8.01471,-0.327749,-0.36492,-13908,10240,9468,13372,2460,2739
3613, 768,-8.29042,6.0416,5.39668,7.94758,-0.360391,-0.394098,-13832,10080,9004,13260,2705,2958
3614, 763,-8.29521,6.25018,5.59088,8.04588,-0.398495,-0.436732,-13840,10428,9328,13424,2991,3278
3615, 763,-8.75553,6.11592,5.6628,7.67188,-0.440063,-0.473504,-14608,10204,9448,12800,3303,3554
3616, 763,-8.18253,5.89056,5.62444,8.63805,-0.477767,-0.520135,-13652,9828,9384,14412,3586,3904
3617, 749,-8.20891,6.46116,5.6628,8.33118,-0.53026,-0.575426,-13696,10780,9448,13900,3980,4319
3618, 745,-8.65963,6.52109,5.72993,7.73181,-0.594478,-0.633381,-14448,10880,9560,12900,4462,4754
3619, 742,-7.52563,6.36286,6.11832,7.13005,-0.649103,-0.693868,-12556,10616,10208,11896,4872,5208
3620, 740,-8.06026,6.07517,6.44677,7.39377,-0.703994,-0.74876,-13448,10136,10756,12336,5284,5620
3621, 721,-9.30215,5.0946,5.03227,8.25446,-0.753956,-0.797922,-15520,8500,8396,13772,5659,5989
3622, 716,-6.95743,6.87832,5.64123,7.69825,-0.780069,-0.818306,-11608,11476,9412,12844,5855,6142
3623, 716,-7.57118,6.67453,7.40096,7.30986,-0.796989,-0.839623,-12632,11136,12348,12196,5982,6302
3624, 711,-8.08424,6.67693,6.42759,7.38178,-0.825234,-0.864271,-13488,11140,10724,12316,6194,6487
3625, 690,-7.59036,6.72488,6.08955,7.81093,-0.848949,-0.892383,-12664,11220,10160,13032,6372,6698
3626, 685,-8.29282,6.90469,6.88071,6.95743,-0.873331,-0.903974,-13836,11520,11480,11608,6555,6785
3627, 683,-6.27416,7.32424,5.91693,7.3626,-0.878394,-0.916498,-10468,12220,9872,12284,6593,6879
3628, 685,-7.13724,7.18999,6.91188,7.06771,-0.88772,-0.929155,-11908,11996,11532,11792,6663,6974
3629, 652,-7.24273,6.60021,6.77043,6.52349,-0.908904,-0.946075,-12084,11012,11296,10884,6822,7101
3630, 647,-6.40122,7.75579,7.30986,6.53548,-0.905173,-0.939014,-10680,12940,12196,10904,6794,7048
3631, 646,-7.21156,7.23074,8.11301,5.6628,-0.889585,-0.913833,-12032,12064,13536,9448,6677,6859
3632, 646,-6.2358,7.47289,7.01018,6.16867,-0.861606,-0.892516,-10404,12468,11696,10292,6467,6699
3633, 616,-6.73687,7.79415,7.24033,6.61459,-0.852413,-0.88772,-11240,13004,12080,11036,6398,6663
3634, 608,-6.37005,7.99313,7.84689,5.89056,-0.833361,-0.861606,-10628,13336,13092,9828,6255,6467
3635, 609,-6.01523,7.77736,8.06985,5.97447,-0.795657,-0.823236,-10036,12976,13464,9968,5972,6179
3636, 609,-6.72488,7.67907,7.79415,6.03441,-0.760217,-0.78753,-11220,12812,13004,10068,5706,5911
3637, 583,-5.85939,7.77257,7.84209,5.86659,-0.735037,-0.765147,-9776,12968,13084,9788,5517,5743
3638, 582,-6.19024,8.06506,8.34556,5.78507,-0.70093,-0.726243,-10328,13456,13924,9652,5261,5451
3639, 580,-6.20942,7.82052,8.14417,4.9124,-0.658429,-0.67455,-10360,13048,13588,8196,4942,5063
3640, 577,-5.61006,8.27124,7.62632,6.03441,-0.616461,-0.643107,-9360,13800,12724,10068,4627,4827
3641, 556,-5.93372,8.47502,8.19452,5.8546,-0.580755,-0.605136,-9900,14140,13672,9768,4359,4542
3642, 547,-5.59328,8.42228,8.10582,5.68917,-0.542518,-0.56157,-9332,14052,13524,9492,4072,4215
3643, 550,-5.31038,8.52777,8.37433,5.41826,-0.488426,-0.507078,-8860,14228,13972,9040,3666,3806
3644, 548,-5.97447,8.29761,8.82985,5.22167,-0.436199,-0.461513,-9968,13844,14732,8712,3274,3464
3645, 536,-5.59807,8.7771,8.00752,5.80665,-0.403291,-0.427806,-9340,14644,13360,9688,3027,3211
3646, 533,-5.78747,8.53017,8.35755,5.82343,-0.369184,-0.389168,-9656,14232,13944,9716,2771,2921
3647, 531,-5.6652,9.06,8.29042,5.40627,-0.31749,-0.337342,-9452,15116,13832,9020,2383,2532
3648, 533,-5.67479,7.99074,9.1631,5.52854,-0.271126,-0.286047,-9468,13332,15288,9224,2035,2147
3649, 525,-4.92918,8.5014,9.31414,5.18811,-0.220631,-0.241815,-8224,14184,15540,8656,1656,1815
3650, 523,-5.10899,8.08903,7.8373,5.12098,-0.172401,-0.194651,-8524,13496,13076,8544,1294,1461
3651, 523,-4.79492,9.20865,8.29761,5.0035,-0.1311,-0.145755,-8000,15364,13844,8348,984,1094
3652, 522,-5.44943,8.53256,8.47502,4.92438,-0.081804,-0.0984579,-9092,14236,14140,8216,614,739
3653, 518,-5.20009,8.61887,8.50619,5.39668,-0.0379709,-0.0598208,-8676,14380,14192,9004,285,449
3654, 517,-5.75151,8.63805,8.42947,5.53094,-0.00746095,-0.028245,-9596,14412,14064,9228,56,212
3655, 519,-5.36072,8.56133,8.42228,5.40148,0.0301103,0.0123905,-8944,14284,14052,9012,-226,-93
3656, 517,-5.32236,8.71957,8.47263,5.10899,0.0702129,0.0482297,-8880,14548,14136,8524,-527,-362
3657, 521,-5.33195,8.44865,8.0291,5.3775,0.104054,0.0814043,-8896,14096,13396,8972,-781,-611
3658, 522,-5.59328,8.7771,8.03149,5.35593,0.133498,0.10925,-9332,14644,13400,8936,-1002,-820
3659, 522,-5.84021,8.48701,7.9332,5.84021,0.150685,0.135496,-9744,14160,13236,9744,-1131,-1017
3660, 520,-5.74192,8.45584,8.64524,5.05864,0.176531,0.158012,-9580,14108,14424,8440,-1325,-1186
3661, 526,-5.53574,8.47742,7.99313,5.83063,0.197182,0.177464,-9236,14144,13336,9728,-1480,-1332
3662, 529,-6.08236,8.14178,8.08664,5.34874,0.217433,0.19625,-10148,13584,13492,8924,-1632,-1473
3663, 528,-5.6676,8.44386,7.88525,5.5693,0.236219,0.212904,-9456,14088,13156,9292,-1773,-1598
3664, 526,-5.61725,8.38392,8.16096,5.63643,0.248876,0.229691,-9372,13988,13616,9404,-1868,-1724
3665, 531,-6.00804,8.35515,8.2137,5.52854,0.270726,0.249276,-10024,13940,13704,9224,-2032,-1871
3666, 534,-5.4734,8.499,8.125,5.67479,0.290178,0.263132,-9132,14180,13556,9468,-2178,-1975
3667, 534,-6.18065,7.67667,7.87806,5.96249,0.303767,0.279253,-10312,12808,13144,9948,-2280,-2096
3668, 537,-5.92413,8.37433,7.7438,5.90255,0.319489,0.297505,-9884,13972,12920,9848,-2398,-2233
3669, 540,-6.31731,7.98834,7.49207,6.07756,0.334943,0.311761,-10540,13328,12500,10140,-2514,-2340
3670, 544,-5.97927,8.34556,7.76298,5.92652,0.348933,0.321753,-9976,13924,12952,9888,-2619,-2415
3671, 544,-6.25018,7.97396,7.88765,5.79706,0.359325,0.336942,-10428,13304,13160,9672,-2697,-2529
3672, 546,-5.90495,8.18733,8.14178,5.61965,0.372781,0.355594,-9852,13660,13584,9376,-2798,-2669
3673, 556,-6.03201,8.12979,7.66708,5.96968,0.389035,0.362123,-10064,13564,12792,9960,-2920,-2718
3674, 559,-6.35327,7.96916,7.66468,6.05599,0.393565,0.371582,-10600,13296,12788,10104,-2954,-2789
3675, 560,-6.35567,8.09143,7.61673,5.98406,0.398761,0.374913,-10604,13500,12708,9984,-2993,-2814
3676, 561,-6.31012,7.97875,7.75339,6.07996,0.407554,0.383839,-10528,13312,12936,10144,-3059,-2881
3677, 573,-6.36046,7.8397,7.5496,6.07517,0.406888,0.384505,-10612,13080,12596,10136,-3054,-2886
3678, 574,-6.43239,7.72702,7.34342,6.23819,0.412217,0.384905,-10732,12892,12252,10408,-3094,-2889
3679, 574,-6.46835,7.87566,7.49926,6.19504,0.410352,0.384106,-10792,13140,12512,10336,-3080,-2883
3680, 575,-6.48993,7.85168,7.43453,6.2334,0.40489,0.382907,-10828,13100,12404,10400,-3039,-2874
3681, 588,-6.45157,7.8325,7.62632,6.24539,0.409953,0.386504,-10764,13068,12724,10420,-3077,-2901
3682, 586,-6.8016,7.59755,7.25951,6.54507,0.398361,0.373181,-11348,12676,12112,10920,-2990,-2801
3683, 584,-6.74166,7.552,7.38897,6.46116,0.383173,0.356127,-11248,12600,12328,10780,-2876,-2673
3684, 587,-6.7081,7.69585,7.19958,6.44437,0.366652,0.344403,-11192,12840,12012,10752,-2752,-2585
3685, 598,-6.77043,7.60714,7.22595,6.53068,0.359591,0.335476,-11296,12692,12056,10896,-2699,-2518
3686, 602,-6.90229,7.47049,7.05813,6.61939,0.349732,0.320954,-11516,12464,11776,11044,-2625,-2409
3687, 601,-6.86873,7.51364,7.15882,6.63377,0.329614,0.307764,-11460,12536,11944,11068,-2474,-2310
3688, 601,-6.86153,7.43453,7.14204,6.59542,0.313493,0.290577,-11448,12404,11916,11004,-2353,-2181
3689, 613,-6.72967,7.48727,7.35781,6.57624,0.303368,0.278453,-11228,12492,12276,10972,-2277,-2090
3690, 611,-6.9838,7.38178,6.87592,6.78242,0.294175,0.261799,-11652,12316,11472,11316,-2208,-1965
3691, 612,-7.13724,7.43453,7.0773,6.75604,0.270593,0.239949,-11908,12404,11808,11272,-2031,-1801
3692, 614,-6.9838,7.39856,7.15402,6.76803,0.255138,0.224228,-11652,12344,11936,11292,-1915,-1683
3693, 622,-6.96702,7.45371,7.21396,6.68172,0.243014,0.215835,-11624,12436,12036,11148,-1824,-1620
3694, 624,-7.04614,7.3674,7.06532,6.76803,0.232089,0.203044,-11756,12292,11788,11292,-1742,-1524
3695, 621,-7.06052,7.30746,7.06292,6.69371,0.218366,0.19172,-11780,12192,11784,11168,-1639,-1439
3696, 622,-6.9886,7.4633,7.0821,6.69611,0.202911,0.1736,-11660,12452,11816,11172,-1523,-1303
3697, 627,-7.00538,7.41295,7.01257,6.71529,0.187723,0.161343,-11688,12368,11700,11204,-1409,-1211
3698, 629,-7.10128,7.35062,7.00298,6.7968,0.177064,0.147753,-11848,12264,11684,11340,-1329,-1109
3699, 630,-7.07251,7.40336,7.06771,6.78961,0.16081,0.137761,-11800,12352,11792,11328,-1207,-1034
3700, 630,-7.05333,7.33144,6.95264,6.77043,0.150551,0.125637,-11768,12232,11600,11296,-1130,-943
3701, 634,-7.04374,7.39856,7.05333,6.78002,0.142158,0.116977,-11752,12344,11768,11312,-1067,-878
3702, 638,-7.04134,7.32904,6.98141,6.83756,0.131766,0.106452,-11748,12228,11648,11408,-989,-799
3703, 634,-7.178,7.2667,6.96942,6.84715,0.12204,0.0880659,-11976,12124,11628,11424,-916,-661
3704, 635,-7.11087,7.35541,6.98141,6.81598,0.10845,0.0791394,-11864,12272,11648,11372,-814,-594
3705, 636,-7.05573,7.33144,7.00298,6.81838,0.0937948,0.0678147,-11772,12232,11684,11376,-704,-509
3706, 640,-7.08929,7.33623,6.97901,6.81358,0.0836692,0.0592879,-11828,12240,11644,11368,-628,-445
3707, 639,-7.15163,7.27629,6.87832,6.86153,0.0755421,0.0506279,-11932,12140,11476,11448,-567,-380
3708, 638,-7.04374,7.38658,7.03895,6.84955,0.065683,0.0403691,-11752,12324,11744,11428,-493,-303
3709, 637,-6.97182,7.47049,7.12765,6.78481,0.0596876,0.0346401,-11632,12464,11892,11320,-448,-260
3710, 642,-6.99339,7.42973,7.1756,6.72728,0.0623522,0.0337075,-11668,12396,11972,11224,-468,-253
3711, 642,-7.03175,7.43932,7.07011,6.76563,0.0602205,0.0337075,-11732,12412,11796,11288,-452,-253
3712, 642,-6.991,7.35781,7.07251,6.75125,0.0580888,0.0325084,-11664,12276,11800,11264,-436,-244
3713, 642,-6.94784,7.38658,7.10368,6.7968,0.055291,0.0279786,-11592,12324,11852,11340,-415,-210
3714, 640,-7.02456,7.39377,7.08689,6.7009,0.0526263,0.0303767,-11720,12336,11824,11180,-395,-228
3715, 645,-6.9838,7.41535,7.15163,6.68652,0.053026,0.0270459,-11652,12372,11932,11156,-398,-203
3716, 644,-7.07011,7.37938,6.95264,6.78242,0.0523599,0.0238484,-11796,12312,11600,11316,-393,-179
3717, 645,-7.0773,7.33623,6.991,6.78242,0.0462312,0.0193185,-11808,12240,11664,11316,-347,-145
3718, 645,-7.06052,7.32904,7.04374,6.8016,0.0459648,0.0133231,-11780,12228,11752,11348,-345,-100
3719, 645,-7.01977,7.39137,7.06292,6.7944,0.0438331,0.0169204,-11712,12332,11784,11336,-329,-127
3720, 645,-6.87592,7.39856,7.03415,6.78002,0.0425008,0.0189188,-11472,12344,11736,11312,-319,-142
3721, 645,-6.97182,7.45371,7.11327,6.80399,0.0454319,0.0185191,-11632,12436,11868,11352,-341,-139
3722, 646,-6.97901,7.34103,7.11327,6.80639,0.040902,0.0153216,-11644,12248,11868,11356,-307,-115
3723, 648,-7.10607,7.30267,7.05333,6.77762,0.0359724,0.010925,-11856,12184,11768,11308,-270,-82
3724, 648,-7.09888,7.32424,7.03175,6.76084,0.0327749,0.00706126,-11844,12220,11732,11280,-246,-53
3725, 646,-6.991,7.28588,7.00778,6.86153,0.0290444,0.00386371,-11664,12156,11692,11448,-218,-29
3726, 649,-6.95983,7.32904,7.0821,6.8016,0.0229158,0.000532925,-11612,12228,11816,11348,-172,-4
3727, 648,-7.05813,7.39617,7.09648,6.78481,0.0225161,-0.00266462,-11776,12340,11840,11320,-169,20
3728, 646,-7.02696,7.365,7.11806,6.71289,0.019585,-0.00786064,-11724,12288,11876,11200,-147,59
3729, 647,-7.07491,7.33863,7.03895,6.7057,0.0189188,-0.010392,-11804,12244,11744,11188,-142,78
3730, 647,-6.95024,7.40815,7.07491,6.76324,0.0187856,-0.00759418,-11596,12360,11804,11284,-141,57
3731, 649,-7.10847,7.2739,6.93825,6.83756,0.0134564,-0.0133231,-11860,12136,11576,11408,-101,100
3732, 647,-7.11087,7.33623,6.9862,6.81598,0.00732772,-0.017853,-11864,12240,11656,11372,-55,134
3733, 647,-7.02696,7.35301,7.03175,6.72488,0.00346401,-0.0235819,-11724,12268,11732,11220,-26,177
3734, 648,-7.03895,7.365,7.09648,6.81598,-0.00106585,-0.0286447,-11744,12288,11840,11372,8,215
3735, 647,-7.01977,7.43453,7.01257,6.84955,-0.00706126,-0.0323752,-11712,12404,11700,11428,53,243
3736, 647,-7.0845,7.31226,7.01018,6.72248,-0.0117243,-0.0347734,-11820,12200,11696,11216,88,261
3737, 645,-6.96223,7.31465,7.07491,6.80639,-0.00999234,-0.037438,-11616,12204,11804,11356,75,281
3738, 647,-6.98141,7.30267,7.13005,6.73207,-0.0149219,-0.0414349,-11648,12184,11896,11232,112,311
3739, 645,-7.06292,7.41295,7.04614,6.83756,-0.013856,-0.0425008,-11784,12368,11756,11408,104,319
3740, 645,-7.03415,7.41774,7.10128,6.7033,-0.0173201,-0.0439663,-11736,12376,11848,11184,130,330
3741, 644,-7.01018,7.44651,7.03655,6.73687,-0.0177198,-0.0422343,-11696,12424,11740,11240,133,317
3742, 644,-6.95503,7.43932,7.14923,6.7081,-0.0159877,-0.0415681,-11604,12412,11928,11192,120,312
3743, 644,-7.09169,7.29068,6.9838,6.76324,-0.0179862,-0.0472971,-11832,12164,11652,11284,135,355
3744, 642,-6.97421,7.42973,7.18999,6.7033,-0.0145222,-0.0459648,-11636,12396,11996,11184,109,345
3745, 638,-6.97901,7.40815,7.19958,6.67933,-0.0219832,-0.0450322,-11644,12360,12012,11144,165,338
3746, 642,-6.88551,7.48248,7.21636,6.62658,-0.0134564,-0.0390368,-11488,12484,12040,11056,101,293
3747, 644,-6.90229,7.42494,7.1732,6.7944,-0.00826034,-0.0353063,-11516,12388,11968,11336,62,265
3748, 645,-6.98141,7.48487,7.13245,6.69611,-0.00972588,-0.0402358,-11648,12488,11900,11172,73,302
3749, 642,-7.05333,7.34103,6.991,6.67453,-0.0157213,-0.0413017,-11768,12248,11664,11136,118,310
3750, 640,-6.97421,7.47528,7.03415,6.96702,-0.0181194,-0.0450322,-11636,12472,11736,11624,136,338
3751, 640,-7.04374,7.44412,7.16361,6.69371,-0.021317,-0.0451654,-11752,12420,11952,11168,160,339
3752, 641,-6.94065,7.38658,6.9886,6.7944,-0.0209173,-0.0462312,-11580,12324,11660,11336,157,347
3753, 638,-6.8975,7.51364,7.27869,6.78481,-0.0186524,-0.0438331,-11508,12536,12144,11320,140,329
3754, 638,-6.96942,7.42254,7.14443,6.72488,-0.0149219,-0.0427672,-11628,12384,11920,11220,112,321
3755, 638,-6.96462,7.43932,7.25711,6.64097,-0.0137228,-0.0422343,-11620,12412,12108,11080,103,317
3756, 639,-6.91428,7.40815,7.07491,6.74646,-0.0149219,-0.0401026,-11536,12360,11804,11256,112,301
3757, 638,-6.82317,7.45371,7.15163,6.72967,-0.014389,-0.0395697,-11384,12436,11932,11228,108,297
3758, 638,-6.89989,7.44651,7.1732,6.7081,-0.0111914,-0.0362389,-11512,12424,11968,11192,84,272
3759, 638,-7.01257,7.4609,7.05333,6.73926,-0.0147887,-0.0413017,-11700,12448,11768,11244,111,310
3760, 638,-7.06532,7.38178,7.06771,6.67453,-0.0141225,-0.0425008,-11788,12316,11792,11136,106,319
3761, 638,-7.0773,7.36021,6.95503,6.81598,-0.0186524,-0.0467642,-11808,12280,11604,11372,140,351
3762, 638,-6.87832,7.43213,7.11566,6.66734,-0.0191853,-0.0470306,-11476,12400,11872,11124,144,353
3763, 637,-7.16361,7.27629,6.93346,6.85194,-0.0205176,-0.0515605,-11952,12140,11568,11432,154,387
3764, 640,-6.93825,7.44651,7.13005,6.57384,-0.0197182,-0.0532925,-11576,12424,11896,10968,148,400
3765, 638,-6.95024,7.42494,7.03175,6.80879,-0.0303767,-0.0582221,-11596,12388,11732,11360,228,437
3766, 640,-6.96462,7.39856,7.21636,6.65535,-0.0323752,-0.0602205,-11620,12344,12040,11104,243,452
3767, 637,-7.05813,7.48008,7.03895,6.73926,-0.0371715,-0.0654165,-11776,12480,11744,11244,279,491
3768, 636,-6.95503,7.42733,7.02696,6.72967,-0.0383706,-0.0668821,-11604,12392,11724,11228,288,502
3769, 635,-6.82557,7.41535,7.09648,6.74406,-0.03917,-0.0699464,-11388,12372,11840,11252,294,525
3770, 635,-6.90948,7.49926,7.22834,6.64097,-0.0470306,-0.0700796,-11528,12512,12060,11080,353,526
3771, 635,-6.95264,7.42973,7.06052,6.67693,-0.0387703,-0.0683476,-11600,12396,11780,11140,291,513
3772, 633,-6.8927,7.55919,7.32904,6.60021,-0.0378377,-0.0644839,-11500,12612,12228,11012,284,484
3773, 632,-6.84235,7.39137,7.10368,6.65775,-0.0397029,-0.0650168,-11416,12332,11852,11108,298,488
3774, 631,-6.95503,7.58077,7.44891,6.45636,-0.0371715,-0.0603538,-11604,12648,12428,10772,279,453
3775, 632,-6.9862,7.44651,7.10128,6.74885,-0.0319755,-0.0567565,-11656,12424,11848,11260,240,426
3776, 632,-6.83996,7.49926,7.38178,6.45396,-0.0281118,-0.0590214,-11412,12512,12316,10768,211,443
3777, 631,-6.71529,7.57118,6.991,6.83037,-0.0318423,-0.0591547,-11204,12632,11664,11396,239,444
3778, 632,-6.98141,7.48487,7.30506,6.48513,-0.029977,-0.0562236,-11648,12488,12188,10820,225,422
3779, 631,-6.7081,7.53522,7.13964,6.81838,-0.0278453,-0.0550245,-11192,12572,11912,11376,209,413
3780, 630,-6.84235,7.62393,7.49686,6.36046,-0.0277121,-0.0503614,-11416,12720,12508,10612,208,378
3781, 629,-6.7081,7.5544,7.06292,6.68652,-0.0174533,-0.0447657,-11192,12604,11784,11156,131,336
3782, 629,-6.92866,7.68146,7.46569,6.40841,-0.0181194,-0.0430337,-11560,12816,12456,10692,136,323
3783, 627,-6.87112,7.32664,7.01257,6.72488,-0.0154548,-0.0429005,-11464,12224,11700,11220,116,322
3784, 629,-6.97661,7.53522,7.38897,6.42999,-0.0117243,-0.0390368,-11640,12572,12328,10728,88,293
3785, 630,-6.66494,7.66948,7.09648,6.87592,-0.0101256,-0.0358392,-11120,12796,11840,11472,76,269
3786, 630,-6.83037,7.48967,7.39856,6.4204,-0.00519602,-0.0313093,-11396,12496,12344,10712,39,235
3787, 623,-6.87832,7.58317,7.12525,6.68172,-0.00759418,-0.0315758,-11476,12652,11888,11148,57,237
3788, 627,-6.81119,7.45371,7.27629,6.56904,-0.00399694,-0.0279786,-11364,12436,12140,10960,30,210
3789, 628,-6.605,7.75818,7.34342,6.83516,0.00279786,-0.0250475,-11020,12944,12252,11404,-21,188
3790, 627,-7.03655,7.32904,7.26431,6.40602,0.00586217,-0.0181194,-11740,12228,12120,10688,-44,136
3791, 626,-6.47075,7.8397,7.24033,6.86393,0.0111914,-0.0170536,-10796,13080,12080,11452,-84,128
3792, 626,-7.12525,7.56639,7.43453,6.41561,0.0134564,-0.0107917,-11888,12624,12404,10704,-101,81
3793, 628,-6.78002,7.51125,7.09648,6.74646,0.0150551,-0.0122573,-11312,12532,11840,11256,-113,92
3794, 626,-6.96702,7.51604,7.41774,6.35087,0.0158545,-0.00759418,-11624,12540,12376,10596,-119,57
3795, 625,-6.66254,7.51844,7.10607,6.78481,0.0131899,-0.0133231,-11116,12544,11856,11320,-99,100
3796, 626,-6.97182,7.57118,7.40815,6.56185,0.0154548,-0.0114579,-11632,12632,12360,10948,-116,86
3797, 627,-6.77283,7.4609,6.91188,6.80399,0.0133231,-0.0155881,-11300,12448,11532,11352,-100,117
3798, 627,-6.47554,7.72702,7.26191,6.61699,0.016121,-0.0110582,-10804,12892,12116,11040,-121,83
3799, 626,-7.32185,7.27629,7.365,6.56185,0.0102588,-0.0146554,-12216,12140,12288,10948,-77,110
3800, 625,-6.62179,7.76777,7.34822,6.68892,0.0118576,-0.0145222,-11048,12960,12260,11160,-89,109
3801, 628,-7.00298,7.29787,7.2667,6.44677,0.010392,-0.0122573,-11684,12176,12124,10756,-78,92
3802, 625,-6.71529,7.60475,7.13964,6.92147,0.0105253,-0.0162542,-11204,12688,11912,11548,-79,122
3803, 627,-7.0797,7.38897,7.07491,6.64336,0.00679479,-0.0197182,-11812,12328,11804,11084,-51,148
3804, 625,-6.7992,7.66468,7.38897,6.77522,0.00626187,-0.0246478,-11344,12788,12328,11304,-47,185
3805, 626,-6.74166,7.48727,7.16601,6.73207,0.00159877,-0.023049,-11248,12492,11956,11232,-12,173
3806, 627,-7.02696,7.35062,7.23554,6.40362,0.00119908,-0.0225161,-11724,12264,12072,10684,-9,169
3807, 627,-6.58822,7.61194,7.18999,6.85194,-0,-0.0291776,-10992,12700,11996,11432,0,219
3808, 628,-6.99339,7.28588,6.95983,6.66254,-0.00905972,-0.0355727,-11668,12156,11612,11116,68,267
3809, 625,-6.95983,7.73661,7.24273,6.56185,-0.0130567,-0.0389035,-11612,12908,12084,10948,98,292
3810, 625,-6.65295,7.365,7.00778,6.72008,-0.0218499,-0.0429005,-11100,12288,11692,11212,164,322
3811, 626,-6.8016,7.65989,7.44412,6.49472,-0.0182527,-0.0458315,-11348,12780,12420,10836,137,344
3812, 625,-6.991,7.44412,7.05093,6.71289,-0.0177198,-0.0475636,-11664,12420,11764,11200,133,357
3813, 626,-6.84235,7.4561,7.41774,6.56185,-0.0205176,-0.0471639,-11416,12440,12376,10948,154,354
3814, 624,-6.8951,7.51364,6.90948,6.74406,-0.0242481,-0.049562,-11504,12536,11528,11252,182,372
3815, 624,-7.03895,7.42014,7.28588,6.56425,-0.0246478,-0.049562,-11744,12380,12156,10952,185,372
3816, 627,-6.63377,7.61913,7.0797,6.64097,-0.0210505,-0.0508943,-11068,12712,11812,11080,158,382
3817, 626,-7.11327,7.32664,7.14443,6.68652,-0.0250475,-0.0504946,-11868,12224,11920,11156,188,379
3818, 623,-6.54267,7.60475,6.79201,6.88551,-0.0293109,-0.0611531,-10916,12688,11332,11488,220,459
3819, 624,-7.05093,7.44891,7.53042,6.31012,-0.0379709,-0.0592879,-11764,12428,12564,10528,285,445
3820, 624,-6.50431,7.60954,6.90229,6.86633,-0.0303767,-0.0610199,-10852,12696,11516,11456,228,458
3821, 622,-7.05333,7.49926,7.50885,6.36286,-0.0287779,-0.0534257,-11768,12512,12528,10616,216,401
3822, 620,-7.02456,7.44651,6.94065,6.78242,-0.031709,-0.0592879,-11720,12424,11580,11316,238,445
3823, 622,-6.66974,7.68146,7.51844,6.39163,-0.0274456,-0.0527596,-11128,12816,12544,10664,206,396
3824, 615,-6.84235,7.552,7.04614,6.68652,-0.0243813,-0.0528928,-11416,12600,11756,11156,183,397
3825, 618,-6.63377,7.61913,7.48967,6.4252,-0.0181194,-0.0419678,-11068,12712,12496,10720,136,315
3826, 620,-6.83756,7.57837,7.16601,6.36046,-0.0111914,-0.0327749,-11408,12644,11956,10612,84,246
3827, 616,-6.73207,7.552,7.24752,6.71289,-0.00532925,-0.0306432,-11232,12600,12092,11200,40,230
3828, 619,-6.88311,7.48008,7.44651,6.31251,-0.00373047,-0.0273124,-11484,12480,12424,10532,28,205
3829, 619,-6.35087,7.75818,7.18279,6.91188,0.00346401,-0.0285115,-10596,12944,11984,11532,-26,214
3830, 619,-7.24273,7.46569,7.42494,6.15908,0.00199847,-0.0170536,-12084,12456,12388,10276,-15,128
3831, 617,-6.42759,7.63352,7.0797,6.83756,0.00413017,-0.0271792,-10724,12736,11812,11408,-31,204
3832, 619,-6.91428,7.51844,7.24273,6.49952,0.00266462,-0.0229158,-11536,12544,12084,10844,-20,172
3833, 620,-6.73447,7.71263,7.16361,6.8016,0.00452986,-0.0233155,-11236,12868,11952,11348,-34,175
3834, 617,-7.12525,7.4633,7.34342,6.30532,-0.000133231,-0.0221164,-11888,12452,12252,10520,1,166
3835, 620,-6.6122,7.71743,7.07491,6.76324,0.00173201,-0.0241149,-11032,12876,11804,11284,-13,181
3836, 618,-7.02216,7.42733,7.3626,6.41561,-0.00359724,-0.0285115,-11716,12392,12284,10704,27,214
3837, 618,-6.78961,7.6455,7.23554,6.69131,-0.00985911,-0.0349066,-11328,12756,12072,11164,74,262
3838, 617,-6.64816,7.7462,7.38658,6.52829,-0.010925,-0.0338407,-11092,12924,12324,10892,82,254
3839, 617,-7.03415,7.32904,7.24033,6.66974,-0.00945942,-0.0361057,-11736,12228,12080,11128,71,271
3840, 616,-6.7009,7.83011,7.5568,6.35567,-0.00706126,-0.0329081,-11180,13064,12608,10604,53,247
3841, 613,-6.95503,7.23793,6.99339,6.55466,-0.00879326,-0.0310429,-11604,12076,11668,10936,66,233
3842, 614,-6.44437,7.90683,7.6527,6.39643,-0,-0.0258469,-10752,13192,12768,10672,0,194
3843, 614,-6.78002,7.41535,7.15163,6.59062,0.00626187,-0.0190521,-11312,12372,11932,10996,-47,143
3844, 619,-6.57384,7.94758,7.61194,6.36526,0.0115911,-0.0131899,-10968,13260,12700,10620,-87,99
3845, 617,-6.95264,7.41055,7.00778,6.54267,0.0106585,-0.0157213,-11600,12364,11692,10916,-80,118
3846, 617,-6.67453,7.60235,7.46809,6.59542,0.0107917,-0.0153216,-11136,12684,12460,11004,-81,115
3847, 615,-6.89989,7.54481,7.15642,6.57624,0.00452986,-0.0206508,-11512,12588,11940,10972,-34,155
3848, 616,-6.71289,7.59276,7.41055,6.50431,0.00799387,-0.0167871,-11200,12668,12364,10852,-60,126
3849, 618,-6.75604,7.51604,7.16122,6.47794,0.0118576,-0.0147887,-11272,12540,11948,10808,-89,111
3850, 617,-6.72967,7.60714,7.22595,6.69131,0.00905972,-0.017853,-11228,12692,12056,11164,-68,134
3851, 616,-6.92147,7.58317,7.34582,6.44677,0.00226493,-0.0203844,-11548,12652,12256,10756,-17,153
3852, 617,-6.46116,7.77017,7.44891,6.47075,0.00666156,-0.0174533,-10780,12964,12428,10796,-50,131
3853, 618,-7.05093,7.34582,7.43932,6.54267,0.00413017,-0.021317,-11764,12256,12412,10916,-31,160
3854, 615,-6.4252,7.77976,7.22115,6.68412,0.00972588,-0.0241149,-10720,12980,12048,11152,-73,181
3855, 617,-7.06052,7.44651,7.39377,6.4228,0.00532925,-0.0207841,-11780,12424,12336,10716,-40,156
3856, 618,-6.63857,7.54001,7.09888,6.66974,0.00945942,-0.0197182,-11076,12580,11844,11128,-71,148
3857, 613,-6.84955,7.43453,7.28349,6.53308,0.00772741,-0.0209173,-11428,12404,12152,10900,-58,157
3858, 616,-6.79201,7.68866,7.57118,6.31971,0.00506279,-0.0155881,-11332,12828,12632,10544,-38,117
3859, 615,-6.60261,7.61913,7.19958,6.6098,0.012124,-0.012657,-11016,12712,12012,11028,-91,95
3860, 614,-6.5163,7.73421,7.57118,6.46595,0.0219832,-0.00599541,-10872,12904,12632,10788,-165,45
3861, 616,-6.77522,7.52323,7.28828,6.50671,0.0225161,-0.000932619,-11304,12552,12160,10856,-169,7
3862, 616,-6.7057,7.78456,7.39617,6.67453,0.0291776,-0.00266462,-11188,12988,12340,11136,-219,20
3863, 617,-6.85914,7.58557,7.22595,6.59781,0.0239816,-0.00306432,-11444,12656,12056,11008,-180,23
3864, 616,-6.83516,7.47049,7.18999,6.49952,0.0234487,-0.00333078,-11404,12464,11996,10844,-176,25
3865, 619,-6.50431,7.79654,7.37219,6.56425,0.0291776,-0.00159877,-10852,13008,12300,10952,-219,12
3866, 617,-6.94784,7.3674,7.20917,6.59542,0.0235819,-0.00466309,-11592,12292,12028,11004,-177,35
3867, 616,-6.67933,7.66948,7.33383,6.58822,0.0181194,-0.00706126,-11144,12796,12236,10992,-136,53
3868, 620,-7.0845,7.43692,7.22834,6.4204,0.0117243,-0.0114579,-11820,12408,12060,10712,-88,86
3869, 616,-6.59542,7.59755,7.12765,6.74166,0.0134564,-0.0123905,-11004,12676,11892,11248,-101,93
3870, 617,-6.99339,7.43932,7.41295,6.29813,0.0111914,-0.0133231,-11668,12412,12368,10508,-84,100
3871, 618,-6.62179,7.79415,7.13484,6.66734,0.0110582,-0.0174533,-11048,13004,11904,11124,-83,131
3872, 616,-6.94784,7.38658,7.34342,6.37245,0.0110582,-0.0135896,-11592,12324,12252,10632,-83,102
3873, 618,-6.65295,7.56399,7.31226,6.67453,0.0106585,-0.0175865,-11100,12620,12200,11136,-80,132
3874, 616,-6.76084,7.6455,7.22595,6.61699,0.0101256,-0.0134564,-11280,12756,12056,11040,-76,101
3875, 616,-6.91188,7.52563,7.3626,6.44677,0.0106585,-0.0155881,-11532,12556,12284,10756,-80,117
3876, 616,-6.65295,7.58796,7.20197,6.67213,0.014389,-0.0141225,-11100,12660,12016,11132,-108,106
3877, 618,-6.82557,7.62632,7.30986,6.46595,0.0122573,-0.0117243,-11388,12724,12196,10788,-92,88
3878, 616,-6.73207,7.58796,7.01977,6.69371,0.0118576,-0.0153216,-11232,12660,11712,11168,-89,115
3879, 617,-6.86393,7.61673,7.46569,6.42999,0.00959265,-0.0147887,-11452,12708,12456,10728,-72,111
3880, 617,-6.69371,7.60235,7.20437,6.67213,0.00945942,-0.0166539,-11168,12684,12020,11132,-71,125
3881, 617,-6.80879,7.50405,7.10847,6.54507,0.00972588,-0.0189188,-11360,12520,11860,10920,-73,142
3882, 615,-6.57384,7.75579,7.48727,6.44677,0.00866003,-0.0162542,-10968,12940,12492,10756,-65,122
3883, 616,-6.84475,7.49926,7.2667,6.50671,0.0118576,-0.0123905,-11420,12512,12124,10856,-89,93
3884, 613,-6.72728,7.67188,7.44172,6.49232,0.0174533,-0.0111914,-11224,12800,12416,10832,-131,84
3885, 616,-6.7033,7.63352,7.42494,6.41081,0.0229158,-0.00173201,-11184,12736,12388,10696,-172,13
3886, 616,-6.7033,7.57837,7.24513,6.63617,0.0262466,-0.000532925,-11184,12644,12088,11072,-197,4
3887, 616,-6.78721,7.48967,7.27869,6.64336,0.0251807,-0.00253139,-11324,12496,12144,11084,-189,19
3888, 616,-6.72488,7.69585,7.32664,6.66734,0.0202511,-0.00586217,-11220,12840,12224,11124,-152,44
3889, 617,-6.88071,7.42733,7.15163,6.66254,0.0191853,-0.00466309,-11480,12392,11932,11116,-144,35
3890, 619,-6.66254,7.73661,7.39137,6.45157,0.0221164,-0.00293109,-11116,12908,12332,10764,-166,22
3891, 620,-6.88311,7.42014,7.10847,6.59302,0.0218499,-0.00626187,-11484,12380,11860,11000,-164,47
3892, 617,-6.76803,7.63591,7.35541,6.45157,0.0203844,-0.00879326,-11292,12740,12272,10764,-153,66
3893, 617,-6.84715,7.58077,7.41774,6.49712,0.0119908,-0.0107917,-11424,12648,12376,10840,-90,81
3894, 619,-6.55706,7.68146,7.25232,6.65056,0.013856,-0.0122573,-10940,12816,12100,11096,-104,92
3895, 617,-6.81358,7.60235,7.39856,6.37485,0.0153216,-0.00679479,-11368,12684,12344,10636,-115,51
3896, 613,-6.64816,7.58557,7.16122,6.76324,0.0163874,-0.00546248,-11092,12656,11948,11284,-123,41
3897, 620,-6.65535,7.59755,7.53042,6.31971,0.0238484,0.00239816,-11104,12676,12564,10544,-179,-18
3898, 620,-6.73926,7.68146,7.09648,6.75844,0.0285115,0.00386371,-11244,12816,11840,11276,-214,-29
3899, 616,-6.92626,7.5544,7.24033,6.48993,0.0281118,-0.000799387,-11556,12604,12080,10828,-211,6
3900, 617,-6.61459,7.71982,7.37219,6.62658,0.0298438,0.000799387,-11036,12880,12300,11056,-224,-6
3901, 618,-6.83276,7.58317,7.34342,6.44437,0.0301103,0.00413017,-11400,12652,12252,10752,-226,-31
3902, 618,-6.72008,7.64311,7.30027,6.58343,0.0387703,0.0118576,-11212,12752,12180,10984,-291,-89
3903, 620,-6.88071,7.51604,7.25711,6.52349,0.0361057,0.00879326,-11480,12540,12108,10884,-271,-66
3904, 620,-6.71769,7.5496,7.10128,6.73447,0.0363721,0.00492956,-11208,12596,11848,11236,-273,-37
3905, 619,-6.88551,7.56878,7.30027,6.5115,0.0355727,0.00879326,-11488,12628,12180,10864,-267,-66
3906, 619,-6.82557,7.56399,7.10847,6.63377,0.0330413,0.00532925,-11388,12620,11860,11068,-248,-40
3907, 619,-6.86393,7.48487,7.15882,6.52829,0.0325084,0.0106585,-11452,12488,11944,10892,-244,-80
3908, 618,-6.74406,7.65749,7.37699,6.57624,0.0342404,0.00599541,-11252,12776,12308,10972,-257,-45
3909, 620,-6.83037,7.50885,7.19718,6.6098,0.0341072,0.0101256,-11396,12528,12008,11028,-256,-76
3910, 619,-6.77283,7.61913,7.32424,6.56185,0.0354395,0.0123905,-11300,12712,12220,10948,-266,-93
3911, 620,-6.81598,7.5496,7.37938,6.52589,0.0315758,0.0085268,-11372,12596,12312,10888,-237,-64
3912, 615,-6.7944,7.5568,7.13245,6.72008,0.0315758,0.00919296,-11336,12608,11900,11212,-237,-69
3913, 619,-6.58583,7.79415,7.40576,6.33169,0.0367718,0.0118576,-10988,13004,12356,10564,-276,-89
3914, 621,-6.80879,7.53042,7.20917,6.57624,0.0385038,0.0119908,-11360,12564,12028,10972,-289,-90
3915, 620,-6.88551,7.58557,7.24273,6.52349,0.0375712,0.0125237,-11488,12656,12084,10884,-282,-94
3916, 620,-6.82078,7.48248,7.10128,6.72008,0.031709,0.00266462,-11380,12484,11848,11212,-238,-20
3917, 620,-6.94544,7.52803,7.36021,6.52109,0.0289112,0.00452986,-11588,12560,12280,10880,-217,-34
3918, 621,-6.8975,7.57358,7.16122,6.56665,0.0319755,0.0063951,-11508,12636,11948,10956,-240,-48
3919, 620,-6.78242,7.54001,7.22834,6.56425,0.0285115,0.00266462,-11316,12580,12060,10952,-214,-20
3920, 624,-6.87112,7.47528,7.15882,6.605,0.0259801,-0.0021317,-11464,12472,11944,11020,-195,16
3921, 625,-6.92387,7.43932,7.15163,6.61939,0.0221164,-0.00546248,-11552,12412,11932,11044,-166,41
3922, 622,-6.84475,7.56159,7.21156,6.5139,0.0179862,-0.0106585,-11420,12616,12032,10868,-135,80
3923, 622,-6.8903,7.51604,7.19958,6.63857,0.0117243,-0.00985911,-11496,12540,12012,11076,-88,74
3924, 623,-6.86393,7.60954,7.25951,6.62179,0.00786064,-0.0190521,-11452,12696,12112,11048,-59,143
3925, 622,-6.82557,7.4561,7.09648,6.71769,0.00626187,-0.0201179,-11388,12440,11840,11208,-47,151
3926, 622,-6.82078,7.62632,7.42254,6.48273,0.00839357,-0.0158545,-11380,12724,12384,10816,-63,119
3927, 621,-6.83037,7.54721,7.23314,6.58103,0.00826034,-0.0157213,-11396,12592,12068,10980,-62,118
3928, 620,-6.75844,7.57837,7.34103,6.63377,0.00945942,-0.0153216,-11276,12644,12248,11068,-71,115
3929, 617,-6.72488,7.63591,7.26191,6.5187,0.0122573,-0.0117243,-11220,12740,12116,10876,-92,88
3930, 621,-6.78481,7.55919,7.26431,6.50191,0.0199847,-0.00559571,-11320,12612,12120,10848,-150,42
3931, 624,-6.81598,7.53042,7.2667,6.58822,0.0219832,-0.00546248,-11372,12564,12124,10992,-165,41
3932, 622,-6.81598,7.57837,7.2667,6.59542,0.0198515,-0.00452986,-11372,12644,12124,11004,-149,34
3933, 621,-6.88311,7.46569,7.2667,6.66015,0.0169204,-0.00319755,-11484,12456,12124,11112,-127,24
3934, 620,-6.7944,7.5568,7.29308,6.50671,0.0197182,-0.00692802,-11336,12608,12168,10856,-148,52
3935, 620,-6.67213,7.53522,7.34103,6.60261,0.0199847,-0.00599541,-11132,12572,12248,11016,-150,45
3936, 621,-6.8016,7.56399,7.32904,6.605,0.0214502,-0.00452986,-11348,12620,12228,11020,-161,34
3937, 622,-6.86393,7.47289,7.25472,6.67213,0.0221164,-0.00239816,-11452,12468,12104,11132,-166,18
3938, 621,-6.81119,7.52083,7.28349,6.64336,0.0226493,-0.00586217,-11364,12548,12152,11084,-170,44
3939, 622,-6.75604,7.54001,7.18999,6.67453,0.0203844,-0.00786064,-11272,12580,11996,11136,-153,59
3940, 622,-6.82797,7.59995,7.26191,6.53308,0.0225161,-0.00413017,-11392,12680,12116,10900,-169,31
3941, 624,-6.90708,7.42254,7.13245,6.66974,0.0166539,-0.0102588,-11524,12384,11900,11128,-125,77
3942, 624,-6.88071,7.5496,7.31465,6.50431,0.0162542,-0.0085268,-11480,12596,12204,10852,-122,64
3943, 624,-6.82557,7.5496,7.31945,6.69131,0.010925,-0.0171868,-11388,12596,12212,11164,-82,129
3944, 622,-6.77522,7.53762,7.22115,6.66015,0.010925,-0.0185191,-11304,12576,12048,11112,-82,139
3945, 623,-6.72488,7.5496,7.2691,6.59542,0.0134564,-0.0106585,-11220,12596,12128,11004,-101,80
3946, 622,-6.81598,7.57837,7.25472,6.6098,0.014389,-0.00999234,-11372,12644,12104,11028,-108,75
3947, 624,-6.76563,7.62393,7.32904,6.54986,0.0147887,-0.00719449,-11288,12720,12228,10928,-111,54
3948, 624,-6.87352,7.552,7.20917,6.54747,0.0171868,-0.010925,-11468,12600,12028,10924,-129,82
3949, 621,-6.86153,7.45371,7.16841,6.59062,0.0183859,-0.0085268,-11448,12436,11960,10996,-138,64
3950, 622,-6.80879,7.60475,7.34582,6.5187,0.0215835,-0.00799387,-11360,12688,12256,10876,-162,60
3951, 624,-6.77522,7.63831,7.28109,6.57863,0.0251807,-0.00266462,-11304,12744,12148,10976,-189,20
3952, 621,-6.72728,7.57358,7.18759,6.64576,0.0249142,0.000133231,-11224,12636,11992,11088,-187,-1
3953, 622,-6.82078,7.65509,7.41774,6.48273,0.0261133,-0.00133231,-11380,12772,12376,10816,-196,10
3954, 624,-6.82078,7.53762,7.1756,6.56904,0.0238484,-0.00532925,-11380,12576,11972,10960,-179,40
3955, 624,-6.68652,7.57598,7.2667,6.54267,0.0314426,0.00146554,-11156,12640,12124,10916,-236,-11
3956, 622,-6.84955,7.49207,7.20437,6.63138,0.0291776,0.0021317,-11428,12500,12020,11064,-219,-16
3957, 623,-6.7057,7.59516,7.35781,6.56904,0.0314426,0.00319755,-11188,12672,12276,10960,-236,-24
3958, 622,-6.83276,7.46569,7.19238,6.61939,0.0295773,0.00386371,-11400,12456,12000,11044,-222,-29
3959, 624,-6.85434,7.54241,7.33144,6.5163,0.0307764,0.00239816,-11436,12584,12232,10872,-231,-18
3960, 626,-6.7968,7.60954,7.2667,6.61459,0.0298438,0.00985911,-11340,12696,12124,11036,-224,-74
3961, 623,-6.95503,7.46569,7.18279,6.58583,0.0323752,0.00253139,-11604,12456,11984,10988,-243,-19
3962, 624,-6.82557,7.52323,7.25232,6.62898,0.0309096,0.00266462,-11388,12552,12100,11060,-232,-20
3963, 622,-6.87832,7.51364,7.178,6.58822,0.0294441,0.00146554,-11476,12536,11976,10992,-221,-11
3964, 623,-6.83516,7.61434,7.35541,6.53308,0.0321087,0.00293109,-11404,12704,12272,10900,-241,-22
3965, 623,-6.76324,7.57118,7.2691,6.57863,0.0343737,0.0101256,-11284,12632,12128,10976,-258,-76
3966, 624,-6.86633,7.48248,7.28828,6.54747,0.0358392,0.0063951,-11456,12484,12160,10924,-269,-48
3967, 626,-6.90469,7.59276,7.15402,6.74166,0.0369051,0.00812711,-11520,12668,11936,11248,-277,-61
3968, 626,-6.86633,7.52323,7.20197,6.71049,0.032242,0.00599541,-11456,12552,12016,11196,-242,-45
3969, 624,-6.9838,7.365,7.19238,6.53308,0.0246478,-0.00239816,-11652,12288,12000,10900,-185,18
3970, 625,-6.74646,7.58077,7.30027,6.58822,0.0222496,-0.000133231,-11256,12648,12180,10992,-167,1
3971, 627,-6.86153,7.52563,7.22595,6.56904,0.0275789,0.000532925,-11448,12556,12056,10960,-207,-4
3972, 625,-6.86393,7.52803,7.26431,6.64336,0.0227825,0.00146554,-11452,12560,12120,11084,-171,-11
3973, 626,-7.02936,7.46569,7.22355,6.57863,0.0198515,-0.00799387,-11728,12456,12052,10976,-149,60
3974, 626,-6.96223,7.43213,7.20197,6.7081,0.0187856,-0.0122573,-11616,12400,12016,11192,-141,92
3975, 625,-6.91907,7.4609,7.21636,6.66015,0.0157213,-0.0147887,-11544,12448,12040,11112,-118,111
3976, 626,-6.74885,7.52083,7.23314,6.66015,0.0157213,-0.0133231,-11260,12548,12068,11112,-118,100
3977, 626,-6.8975,7.43932,7.14683,6.55945,0.00972588,-0.0133231,-11508,12412,11924,10944,-73,100
3978, 626,-6.82078,7.50405,7.29787,6.5163,0.0102588,-0.0133231,-11380,12520,12176,10872,-77,100
3979, 626,-6.86153,7.41774,7.06532,6.73687,0.00892649,-0.0199847,-11448,12376,11788,11240,-67,150
3980, 627,-6.8016,7.54481,7.19718,6.605,0.0111914,-0.0167871,-11348,12588,12008,11020,-84,126
3981, 625,-6.80399,7.59755,7.20677,6.62658,0.0123905,-0.0137228,-11352,12676,12024,11056,-93,103
3982, 624,-6.88791,7.49926,7.22115,6.57624,0.00945942,-0.0151884,-11492,12512,12048,10972,-71,114
3983, 628,-6.88791,7.51604,7.15642,6.59302,0.00919296,-0.0162542,-11492,12540,11940,11000,-69,122
3984, 628,-6.83276,7.51364,7.13005,6.66254,0.00679479,-0.0167871,-11400,12536,11896,11116,-51,126
3985, 624,-6.91907,7.47528,7.19958,6.7009,0.00373047,-0.019585,-11544,12472,12012,11180,-28,147
3986, 626,-6.91667,7.59755,7.30027,6.48513,0.00399694,-0.0257136,-11540,12676,12180,10820,-30,193
3987, 627,-6.83516,7.45371,7.13724,6.62418,0.00679479,-0.0191853,-11404,12436,11908,11052,-51,144
3988, 624,-6.87832,7.57358,7.33623,6.6122,0.00905972,-0.0179862,-11476,12636,12240,11032,-68,135
3989, 625,-6.84475,7.53522,7.24513,6.53788,0.0114579,-0.0181194,-11420,12572,12088,10908,-86,136
3990, 624,-6.74166,7.60235,7.23074,6.63857,0.00905972,-0.0159877,-11248,12684,12064,11076,-68,120
3991, 624,-6.88551,7.46809,7.16841,6.64816,0.0106585,-0.0179862,-11488,12460,11960,11092,-80,135
3992, 623,-6.73926,7.58557,7.16122,6.55466,0.0125237,-0.00999234,-11244,12656,11948,10936,-94,75
3993, 621,-6.84955,7.54001,7.44891,6.56425,0.0150551,-0.0110582,-11428,12580,12428,10952,-113,83
3994, 624,-6.61939,7.66948,7.23793,6.48273,0.0162542,-0.00706126,-11044,12796,12076,10816,-122,53
3995, 626,-6.95264,7.57598,7.26431,6.65535,0.0217167,-0.00359724,-11600,12640,12120,11104,-163,27
3996, 624,-6.8016,7.56399,7.1732,6.65295,0.0262466,-0.00572894,-11348,12620,11968,11100,-197,43
3997, 624,-6.84475,7.43213,7.20917,6.61459,0.0217167,-0.00359724,-11420,12400,12028,11036,-163,27
3998, 624,-6.8927,7.48008,7.16841,6.64097,0.0253139,-0.00346401,-11500,12480,11960,11080,-190,26
3999, 625,-6.85194,7.43453,7.16601,6.68172,0.0215835,-0.00559571,-11432,12404,11956,11148,-162,42
4000, 625,-6.83276,7.54481,7.15163,6.62898,0.016121,-0.0085268,-11400,12588,11932,11060,-121,64
4001, 625,-6.83516,7.4585,7.16122,6.59302,0.0142557,-0.00985911,-11404,12444,11948,11000,-107,74
4002, 624,-6.82317,7.61194,7.29787,6.58583,0.0147887,-0.0141225,-11384,12700,12176,10988,-111,106
4003, 624,-6.88551,7.48008,7.09888,6.64576,0.012124,-0.0133231,-11488,12480,11844,11088,-91,100
4004, 624,-6.73207,7.59276,7.28828,6.56904,0.0165207,-0.00692802,-11232,12668,12160,10960,-124,52
4005, 626,-6.84715,7.44651,7.2739,6.55706,0.0171868,-0.00812711,-11424,12424,12136,10940,-129,61
4006, 624,-6.8927,7.54721,7.29547,6.50191,0.0186524,-0.00892649,-11500,12592,12172,10848,-140,67
4007, 624,-6.74885,7.51604,7.23074,6.58583,0.0173201,-0.0101256,-11260,12540,12064,10988,-130,76
4008, 624,-6.82797,7.44412,7.19718,6.68172,0.0194518,-0.00812711,-11392,12420,12008,11148,-146,61
4009, 625,-6.81119,7.49207,7.20917,6.68652,0.0189188,-0.0115911,-11364,12500,12028,11156,-142,87
4010, 624,-6.85194,7.58317,7.27869,6.5115,0.0189188,-0.00799387,-11432,12652,12144,10864,-142,60
4011, 624,-6.82317,7.51844,7.32904,6.61459,0.0201179,-0.00892649,-11384,12544,12228,11036,-151,67
4012, 625,-6.80879,7.60954,7.33623,6.6074,0.0243813,-0.00186524,-11360,12696,12240,11024,-183,14
4013, 625,-6.87592,7.54481,7.27869,6.55945,0.0238484,-0.00226493,-11472,12588,12144,10944,-179,17
4014, 624,-6.80879,7.5544,7.04374,6.67453,0.0263798,-0.00439663,-11360,12604,11752,11136,-198,33
4015, 623,-6.86153,7.52083,7.32904,6.50911,0.0257136,0.000799387,-11448,12548,12228,10860,-193,-6
4016, 624,-6.75604,7.57837,7.29308,6.57384,0.0287779,0.000532925,-11272,12644,12168,10968,-216,-4
4017, 626,-6.96942,7.43453,7.20437,6.6122,0.0270459,-0.000399694,-11628,12404,12020,11032,-203,3
4018, 627,-6.89989,7.52083,7.22355,6.71289,0.0278453,-0.00146554,-11512,12548,12052,11200,-209,11
4019, 625,-6.72728,7.49926,7.28588,6.57863,0.0314426,0.00319755,-11224,12512,12156,10976,-236,-24
4020, 626,-6.82797,7.53042,7.31705,6.60021,0.0283783,0.00226493,-11392,12564,12208,11012,-213,-17
4021, 626,-6.83276,7.52083,7.07011,6.63617,0.0301103,0.00293109,-11400,12548,11796,11072,-226,-22
4022, 629,-6.83756,7.52563,7.12525,6.69611,0.0258469,0.00319755,-11408,12556,11888,11172,-194,-24
4023, 623,-6.94305,7.46569,7.20437,6.66015,0.0229158,-0.00666156,-11584,12456,12020,11112,-172,50
4024, 623,-6.84955,7.54481,7.21396,6.605,0.0205176,-0.00506279,-11428,12588,12036,11020,-154,38
4025, 629,-6.84235,7.47768,7.28588,6.6074,0.0262466,0.00133231,-11416,12476,12156,11024,-197,-10
4026, 630,-6.96462,7.41295,7.10368,6.78242,0.0281118,-0.00399694,-11620,12368,11852,11316,-211,30
4027, 626,-6.96223,7.44651,7.20677,6.65535,0.0215835,-0.00626187,-11616,12424,12024,11104,-162,47
4028, 627,-6.86153,7.44651,7.24273,6.63138,0.0162542,-0.0110582,-11448,12424,12084,11064,-122,83
4029, 628,-6.8903,7.46809,7.1804,6.61459,0.0150551,-0.0125237,-11496,12460,11980,11036,-113,94
4030, 625,-6.91188,7.52563,7.2715,6.57144,0.0170536,-0.00999234,-11532,12556,12132,10964,-128,75
4031, 627,-6.78002,7.60475,7.29068,6.57863,0.0130567,-0.0129234,-11312,12688,12164,10976,-98,97
4032, 627,-6.94544,7.49686,7.23074,6.68892,0.0111914,-0.0175865,-11588,12508,12064,11160,-84,132
4033, 627,-6.84715,7.4561,7.13484,6.71769,0.0145222,-0.0130567,-11424,12440,11904,11208,-109,98
4034, 627,-6.95264,7.50645,7.15163,6.6098,0.0125237,-0.0149219,-11600,12524,11932,11028,-94,112
4035, 626,-6.96223,7.44651,7.0797,6.7057,0.00786064,-0.0169204,-11616,12424,11812,11188,-59,127
4036, 627,-6.84715,7.62153,7.27629,6.55226,0.0102588,-0.0181194,-11424,12716,12140,10932,-77,136
4037, 629,-6.8975,7.47528,7.03415,6.7009,0.0110582,-0.0197182,-11508,12472,11736,11180,-83,148
4038, 627,-6.85434,7.51844,7.32664,6.61459,0.0110582,-0.0146554,-11436,12544,12224,11036,-83,110
4039, 626,-6.88551,7.46569,7.13724,6.66494,0.00666156,-0.0191853,-11488,12456,11908,11120,-50,144
4040, 627,-6.78721,7.52803,7.40336,6.50431,0.00812711,-0.0203844,-11324,12560,12352,10852,-61,153
4041, 626,-6.88551,7.47289,7.15402,6.63617,0.00652833,-0.0171868,-11488,12468,11936,11072,-49,129
4042, 626,-6.87352,7.4633,7.27629,6.64576,0.00732772,-0.0146554,-11468,12452,12140,11088,-55,110
4043, 625,-6.81838,7.49926,7.16841,6.66254,0.00999234,-0.0182527,-11376,12512,11960,11116,-75,137
4044, 627,-6.81119,7.57118,7.29308,6.54267,0.00866003,-0.0134564,-11364,12632,12168,10916,-65,101
4045, 625,-6.84475,7.48008,7.05813,6.67693,0.0135896,-0.0171868,-11420,12480,11776,11140,-102,129
4046, 627,-6.81598,7.58557,7.31705,6.56185,0.00945942,-0.0171868,-11372,12656,12208,10948,-71,129
4047, 627,-6.87832,7.52323,7.22834,6.64576,0.00932619,-0.0167871,-11476,12552,12060,11088,-70,126
4048, 627,-6.97901,7.43932,7.16601,6.61459,0.0110582,-0.0130567,-11644,12412,11956,11036,-83,98
4049, 625,-6.86633,7.51125,7.23554,6.55945,0.0101256,-0.0167871,-11456,12532,12072,10944,-76,126
4050, 624,-6.95503,7.42494,7.24273,6.59781,0.00506279,-0.0222496,-11604,12388,12084,11008,-38,167
4051, 626,-6.77283,7.51604,7.24273,6.55226,0.00559571,-0.019585,-11300,12540,12084,10932,-42,147
4052, 624,-6.90229,7.49926,7.1732,6.69371,0.00919296,-0.0173201,-11516,12512,11968,11168,-69,130
4053, 626,-6.7081,7.51364,7.37459,6.47075,0.0107917,-0.0135896,-11192,12536,12304,10796,-81,102
4054, 624,-6.87832,7.47289,7.18999,6.71289,0.0117243,-0.0142557,-11476,12468,11996,11200,-88,107
4055, 625,-6.83276,7.552,7.30746,6.66734,0.0123905,-0.0118576,-11400,12600,12192,11124,-93,89
4056, 626,-6.87352,7.41055,7.28349,6.58583,0.0127902,-0.0149219,-11468,12364,12152,10988,-96,112
4057, 625,-6.72488,7.51604,7.25711,6.65056,0.0146554,-0.0137228,-11220,12540,12108,11096,-110,103
4058, 628,-6.85194,7.51604,7.21636,6.5115,0.0115911,-0.0167871,-11432,12540,12040,10864,-87,126
4059, 626,-6.8903,7.4633,7.0773,6.66734,0.00945942,-0.016121,-11496,12452,11808,11124,-71,121
4060, 627,-6.93106,7.53522,7.25232,6.52109,0.00346401,-0.0203844,-11564,12572,12100,10880,-26,153
4061, 627,-6.84955,7.52803,7.19238,6.67453,0.00546248,-0.0199847,-11428,12560,12000,11136,-41,150
4062, 624,-6.84715,7.51125,7.27869,6.6074,0.00519602,-0.0218499,-11424,12532,12144,11024,-39,164
4063, 624,-6.75604,7.62872,7.29787,6.56185,0.00626187,-0.0226493,-11272,12728,12176,10948,-47,170
4064, 624,-6.84475,7.54001,7.24992,6.58343,0.00399694,-0.0197182,-11420,12580,12096,10984,-30,148
4065, 627,-6.81119,7.53282,7.29308,6.6098,0.00492956,-0.0193185,-11364,12568,12168,11028,-37,145
4066, 624,-6.88791,7.53522,7.10847,6.73687,0.00826034,-0.0199847,-11492,12572,11860,11240,-62,150
4067, 623,-6.65535,7.57598,7.4585,6.53788,0.00666156,-0.0183859,-11104,12640,12444,10908,-50,138
4068, 625,-6.78721,7.52803,7.20197,6.48034,0.0118576,-0.0101256,-11324,12560,12016,10812,-89,76
4069, 625,-6.73926,7.53522,7.23793,6.76324,0.0145222,-0.0117243,-11244,12572,12076,11284,-109,88
4070, 624,-6.8975,7.48008,7.32904,6.53068,0.0142557,-0.0114579,-11508,12480,12228,10896,-107,86
4071, 626,-6.72728,7.57118,7.15642,6.67453,0.0127902,-0.0151884,-11224,12632,11940,11136,-96,114
4072, 627,-6.86153,7.48008,7.40336,6.57624,0.0153216,-0.00732772,-11448,12480,12352,10972,-115,55
4073, 622,-6.77522,7.5568,7.05333,6.73447,0.00959265,-0.0170536,-11304,12608,11768,11236,-72,128
4074, 625,-6.96462,7.46569,7.45131,6.37725,0.010925,-0.0151884,-11620,12456,12432,10640,-82,114
4075, 625,-6.74885,7.68146,7.1756,6.73447,0.0181194,-0.0113247,-11260,12816,11972,11236,-136,85
4076, 626,-7.00298,7.35062,7.22595,6.52589,0.0210505,-0.00706126,-11684,12264,12056,10888,-158,53
4077, 623,-6.59542,7.59755,7.29547,6.69371,0.0251807,-0.00253139,-11004,12676,12172,11168,-189,19
4078, 625,-6.87352,7.4585,7.30506,6.58343,0.0211838,-0.00466309,-11468,12444,12188,10984,-159,35
4079, 627,-6.80879,7.54721,7.21875,6.68652,0.0218499,-0.00546248,-11360,12592,12044,11156,-164,41
4080, 625,-7.04614,7.38418,7.15882,6.6074,0.0199847,-0.0085268,-11756,12320,11944,11024,-150,64
4081, 626,-6.86873,7.46569,7.23793,6.65295,0.0155881,-0.0115911,-11460,12456,12076,11100,-117,87
4082, 626,-6.75125,7.51364,7.27629,6.56425,0.0174533,-0.00706126,-11264,12536,12140,10952,-131,53
4083, 625,-6.87832,7.49926,7.2715,6.56425,0.0159877,-0.00666156,-11476,12512,12132,10952,-120,50
4084, 625,-6.90229,7.37938,7.12525,6.63617,0.0155881,-0.0119908,-11516,12312,11888,11072,-117,90
4085, 627,-6.92866,7.60235,7.25232,6.57384,0.0105253,-0.0123905,-11560,12684,12100,10968,-79,93
4086, 624,-6.991,7.46809,7.178,6.6074,0.00959265,-0.0145222,-11664,12460,11976,11024,-72,109
4087, 626,-6.71289,7.62393,7.39617,6.6098,0.0123905,-0.0141225,-11200,12720,12340,11028,-93,106
4088, 627,-6.94544,7.47049,7.25472,6.63617,0.00945942,-0.0146554,-11588,12464,12104,11072,-71,110
4089, 625,-6.80399,7.57358,7.18519,6.65775,0.0127902,-0.0142557,-11352,12636,11988,11108,-96,107
4090, 626,-6.91428,7.40815,7.34103,6.52829,0.0105253,-0.0154548,-11536,12360,12248,10892,-79,116
4091, 621,-6.81119,7.45371,7.03175,6.75604,0.010925,-0.0169204,-11364,12436,11732,11272,-82,127
4092, 625,-6.71769,7.6527,7.38418,6.55226,0.0150551,-0.0122573,-11208,12768,12320,10932,-113,92
4093, 625,-6.90469,7.48967,7.19238,6.66015,0.0151884,-0.0111914,-11520,12496,12000,11112,-114,84
4094, 626,-6.79201,7.60475,7.25711,6.53308,0.0203844,-0.0105253,-11332,12688,12108,10900,-153,79
4095, 625,-6.94784,7.37219,7.09888,6.66734,0.0129234,-0.0165207,-11592,12300,11844,11124,-97,124
4096, 625,-6.7944,7.61434,7.19478,6.69371,0.0133231,-0.00905972,-11336,12704,12004,11168,-100,68
4097, 627,-6.86153,7.48487,7.21396,6.6074,0.0157213,-0.0125237,-11448,12488,12036,11024,-118,94
4098, 624,-6.84475,7.49686,7.20437,6.66254,0.0163874,-0.013856,-11420,12508,12020,11116,-123,104
4099, 628,-6.85674,7.44412,7.20437,6.59302,0.00932619,-0.0157213,-11440,12420,12020,11000,-70,118
4100, 624,-6.84715,7.56878,7.30986,6.68172,0.00839357,-0.0194518,-11424,12628,12196,11148,-63,146
4101, 626,-7.09409,7.35301,7.14204,6.54986,0.00892649,-0.0198515,-11836,12268,11916,10928,-67,149
4102, 622,-6.77762,7.59755,7.1804,6.63377,0.00626187,-0.0223828,-11308,12676,11980,11068,-47,168
4103, 625,-6.8975,7.48727,7.29308,6.57144,0.00679479,-0.0189188,-11508,12492,12168,10964,-51,142
4104, 626,-6.73207,7.51844,7.21156,6.7944,0.00879326,-0.0181194,-11232,12544,12032,11336,-66,136
4105, 624,-7.04374,7.44172,7.18279,6.52109,0.00572894,-0.0202511,-11752,12416,11984,10880,-43,152
4106, 625,-6.65295,7.67427,7.28109,6.65056,0.00266462,-0.0210505,-11100,12804,12148,11096,-20,158
4107, 623,-6.94784,7.40576,7.08929,6.66734,0.00559571,-0.0198515,-11592,12356,11828,11124,-42,149
4108, 624,-6.82557,7.54001,7.39856,6.5139,0.0102588,-0.0190521,-11388,12580,12344,10868,-77,143
4109, 624,-6.80879,7.53282,7.14683,6.57144,0.010925,-0.016121,-11360,12568,11924,10964,-82,121
4110, 627,-6.89989,7.57837,7.24273,6.62179,0.0114579,-0.0149219,-11512,12644,12084,11048,-86,112
4111, 627,-6.89989,7.48967,7.13484,6.69371,0.010392,-0.0170536,-11512,12496,11904,11168,-78,128
4112, 625,-6.95743,7.46569,7.25711,6.56904,0.00666156,-0.0227825,-11608,12456,12108,10960,-50,171
4113, 624,-6.84955,7.57598,7.13724,6.63617,0.00279786,-0.0258469,-11428,12640,11908,11072,-21,194
4114, 624,-6.96942,7.44172,7.24992,6.6122,0.00466309,-0.0205176,-11628,12416,12096,11032,-35,154
4115, 626,-6.90469,7.47049,7.11327,6.65056,0.00253139,-0.0222496,-11520,12464,11868,11096,-19,167
4116, 625,-6.87112,7.47768,7.27869,6.65056,0.00599541,-0.024781,-11464,12476,12144,11096,-45,186
4117, 624,-6.83037,7.55919,7.12765,6.67213,0.000799387,-0.0226493,-11396,12612,11892,11132,-6,170
4118, 623,-6.95503,7.57358,7.3626,6.47314,-0.00133231,-0.0271792,-11604,12636,12284,10800,10,204
4119, 623,-6.78002,7.5568,7.16361,6.66015,0.00239816,-0.0261133,-11312,12608,11952,11112,-18,196
4120, 623,-6.75844,7.56159,7.40096,6.49952,0.00266462,-0.0203844,-11276,12616,12348,10844,-20,153
4121, 623,-6.77762,7.56639,7.16841,6.66254,0.00812711,-0.0162542,-11308,12624,11960,11116,-61,122
4122, 624,-6.80399,7.64311,7.30027,6.6074,0.00799387,-0.0202511,-11352,12752,12180,11024,-60,152
4123, 625,-6.87832,7.50885,7.20437,6.55226,0.00812711,-0.0217167,-11476,12528,12020,10932,-61,163
4124, 623,-6.84475,7.60475,7.20437,6.605,0.00612864,-0.0175865,-11420,12688,12020,11020,-46,132
4125, 623,-6.74646,7.5544,7.2667,6.65056,0.00812711,-0.0186524,-11256,12604,12124,11096,-61,140
4126, 625,-6.82797,7.57118,7.14923,6.59062,0.00892649,-0.0182527,-11392,12632,11928,10996,-67,137
4127, 622,-6.95983,7.46569,7.22115,6.52829,0.00985911,-0.0187856,-11612,12456,12048,10892,-74,141
4128, 623,-6.81119,7.57358,7.24992,6.605,0.00879326,-0.0166539,-11364,12636,12096,11020,-66,125
4129, 625,-6.8016,7.47049,7.1756,6.63857,0.00839357,-0.0191853,-11348,12464,11972,11076,-63,144
4130, 622,-6.83756,7.47528,7.18759,6.55226,0.0123905,-0.014389,-11408,12472,11992,10932,-93,108
4131, 622,-6.69131,7.62393,7.10607,6.63617,0.0135896,-0.0165207,-11164,12720,11856,11072,-102,124
4132, 622,-6.88311,7.51604,7.43932,6.46116,0.0159877,-0.0114579,-11484,12540,12412,10780,-120,86
4133, 624,-6.82317,7.49926,7.2691,6.56665,0.0209173,-0.0114579,-11384,12512,12128,10956,-157,86
4134, 623,-6.74166,7.59755,7.31705,6.57624,0.0186524,-0.00839357,-11248,12676,12208,10972,-140,63
4135, 624,-6.8975,7.43932,7.22834,6.46595,0.0203844,-0.00399694,-11508,12412,12060,10788,-153,30
4136, 623,-6.66494,7.58317,7.0773,6.72008,0.0177198,-0.00413017,-11120,12652,11808,11212,-133,31
4137, 624,-6.95743,7.4609,7.34103,6.54986,0.0202511,-0.00479632,-11608,12448,12248,10928,-152,36
4138, 625,-6.76324,7.57118,7.2667,6.69611,0.0205176,-0.00772741,-11284,12632,12124,11172,-154,58
4139, 623,-6.90948,7.43692,7.24513,6.48513,0.0186524,-0.00666156,-11528,12408,12088,10820,-140,50
4140, 625,-6.66734,7.66468,7.15402,6.77043,0.0175865,-0.00866003,-11124,12788,11936,11296,-132,65
4141, 624,-6.95024,7.50645,7.28349,6.56665,0.0187856,-0.00879326,-11596,12524,12152,10956,-141,66
4142, 622,-6.81598,7.51844,7.15882,6.71769,0.0153216,-0.0137228,-11372,12544,11944,11208,-115,103
4143, 622,-6.91188,7.56878,7.35541,6.54986,0.0170536,-0.00999234,-11532,12628,12272,10928,-128,75
4144, 623,-6.79201,7.46569,7.13005,6.55226,0.0185191,-0.00892649,-11332,12456,11896,10932,-139,67
4145, 624,-6.79201,7.56159,7.25472,6.65056,0.0177198,-0.00706126,-11332,12616,12104,11096,-133,53
4146, 624,-6.87112,7.52323,7.41774,6.57144,0.0170536,-0.00999234,-11464,12552,12376,10964,-128,75
4147, 625,-6.82078,7.49207,7.22115,6.58822,0.0147887,-0.00732772,-11380,12500,12048,10992,-111,55
4148, 623,-6.91907,7.48008,7.22834,6.61459,0.0135896,-0.00985911,-11544,12480,12060,11036,-102,74
4149, 623,-6.89989,7.48487,7.06771,6.68172,0.0118576,-0.0137228,-11512,12488,11792,11148,-89,103
4150, 624,-6.74166,7.61913,7.38418,6.46595,0.00945942,-0.0150551,-11248,12712,12320,10788,-71,113
4151, 625,-6.96462,7.42973,7.13484,6.63377,0.0115911,-0.014389,-11620,12396,11904,11068,-87,108
4152, 626,-6.82078,7.56159,7.22355,6.59542,0.0115911,-0.0153216,-11380,12616,12052,11004,-87,115
4153, 622,-6.91907,7.44412,7.19478,6.64576,0.00879326,-0.0186524,-11544,12420,12004,11088,-66,140
4154, 625,-6.77762,7.58557,7.30506,6.62898,0.00905972,-0.0170536,-11308,12656,12188,11060,-68,128
4155, 624,-7.03175,7.32424,7.14204,6.6122,0.00479632,-0.0193185,-11732,12220,11916,11032,-36,145
4156, 624,-6.62658,7.52083,7.15642,6.75844,0.0042634,-0.0238484,-11056,12548,11940,11276,-32,179
4157, 623,-6.86633,7.51364,7.40336,6.66015,0.00346401,-0.0261133,-11456,12536,12352,11112,-26,196
4158, 624,-6.75844,7.61673,7.28349,6.53788,0.00466309,-0.0266462,-11276,12708,12152,10908,-35,200
4159, 624,-6.75844,7.51844,7.13724,6.74646,0.00319755,-0.0239816,-11276,12544,11908,11256,-24,180
4160, 622,-6.93585,7.52803,7.32424,6.37485,0.00266462,-0.0225161,-11572,12560,12220,10636,-20,169
4161, 623,-6.74885,7.62872,7.23074,6.69611,-0.000666156,-0.0225161,-11260,12728,12064,11172,5,169
4162, 624,-6.84235,7.53522,7.41295,6.38684,0.0021317,-0.0214502,-11416,12572,12368,10656,-16,161
4163, 621,-6.76084,7.66708,7.13245,6.80879,0.00746095,-0.0231822,-11280,12792,11900,11360,-56,174
4164, 624,-6.84475,7.43692,7.42014,6.49952,0.00572894,-0.0187856,-11420,12408,12380,10844,-43,141
4165, 625,-6.58822,7.54001,7.03895,6.57863,0.00945942,-0.0199847,-10992,12580,11744,10976,-71,150
4166, 624,-7.00298,7.46809,7.20437,6.64097,0.00306432,-0.0250475,-11684,12460,12020,11080,-23,188
4167, 621,-6.72728,7.68146,7.42494,6.57144,0.00319755,-0.0263798,-11224,12816,12388,10964,-24,198
4168, 624,-6.64816,7.51364,7.30027,6.418,0.00279786,-0.0233155,-11092,12536,12180,10708,-21,175
4169, 618,-6.7968,7.57118,7.21636,6.6074,0.00226493,-0.0269127,-11340,12632,12040,11024,-17,202
4170, 617,-6.78721,7.57837,7.44891,6.52109,0.00319755,-0.0199847,-11324,12644,12428,10880,-24,150
4171, 622,-6.67933,7.57358,7.24992,6.52829,0.012124,-0.0125237,-11144,12636,12096,10892,-91,94
4172, 622,-6.96702,7.49446,7.10607,6.71289,0.0146554,-0.012657,-11624,12504,11856,11200,-110,95
4173, 621,-6.77043,7.64311,7.10128,6.63617,0.0170536,-0.00932619,-11296,12752,11848,11072,-128,70
4174, 621,-6.72248,7.49686,7.30746,6.49472,0.0127902,-0.0142557,-11216,12508,12192,10836,-96,107
4175, 620,-6.8016,7.62393,7.33623,6.58583,0.0134564,-0.010392,-11348,12720,12240,10988,-101,78
4176, 619,-6.88551,7.60475,7.31945,6.52829,0.0151884,-0.00586217,-11488,12688,12212,10892,-114,44
4177, 620,-6.74646,7.47528,7.20677,6.61699,0.0209173,-0.00559571,-11256,12472,12024,11040,-157,42
4178, 622,-6.80639,7.54001,7.24752,6.35327,0.0231822,-0.000799387,-11356,12580,12092,10600,-174,6
4179, 624,-6.90948,7.58317,7.21636,6.82557,0.0243813,-0.00159877,-11528,12652,12040,11388,-183,12
4180, 620,-6.82797,7.52083,7.33863,6.5163,0.021317,-0.00772741,-11392,12548,12244,10872,-160,58
4181, 621,-6.71529,7.56159,7.28828,6.63617,0.0205176,-0.00612864,-11204,12616,12160,11072,-154,46
4182, 624,-6.80639,7.50405,7.19718,6.42759,0.0221164,-0.0085268,-11356,12520,12008,10724,-166,64
4183, 624,-6.86633,7.71263,7.27869,6.76803,0.0190521,-0.00919296,-11456,12868,12144,11292,-143,69
4184, 624,-6.95264,7.42733,7.20437,6.53788,0.0113247,-0.0119908,-11600,12392,12020,10908,-85,90
4185, 624,-6.95264,7.60714,7.25711,6.62418,0.00999234,-0.0221164,-11600,12692,12108,11052,-75,166
4186, 623,-6.79201,7.50405,7.19718,6.60261,0.00519602,-0.0193185,-11332,12520,12008,11016,-39,145
4187, 623,-6.75844,7.63591,7.33863,6.63138,0.00879326,-0.0197182,-11276,12740,12244,11064,-66,148
4188, 623,-6.81358,7.47528,7.12046,6.58822,0.00945942,-0.0179862,-11368,12472,11880,10992,-71,135
4189, 622,-6.8016,7.60235,7.41295,6.5139,0.0063951,-0.0201179,-11348,12684,12368,10868,-48,151
